x y z
3.880791230352421461e+00 -1.882372916165885313e+00 1.740470216625971389e+01
4.424953723116234805e+00 -6.414061692761403588e-01 1.687089722568408590e+01
3.359232422120146389e+00 1.014720694658642203e-01 1.607434714501946971e+01
2.175893774980728335e+00 -2.330250852349865509e-01 1.613879324407348648e+01
4.965042895086163810e+00 2.432720754442440070e-01 1.799857984488120977e+01
3.992358017337277243e+00 4.322644998145437900e-01 1.901201311457845833e+01
3.790520134970885913e+00 1.110530281989456247e+00 1.532315380606958932e+01
2.916094177304834112e+00 1.814938747386311224e+00 1.439910404635042163e+01
3.193746806547451467e+00 3.307228562787938753e+00 1.446945405930880568e+01
4.242678443518834719e+00 3.747708683604199287e+00 1.494400087904971031e+01
3.110920352942565081e+00 1.327871838735117160e+00 1.295567840303401930e+01
2.953606607485217861e+00 -7.367517189808432676e-02 1.286113548962788222e+01
2.232091731578938809e+00 4.079227062732908138e+00 1.398839602448345865e+01
2.445930997254359696e+00 5.498676179412400167e+00 1.377320779615022239e+01
3.694982005117458890e+00 5.694945741365880387e+00 1.291338755981779762e+01
3.901105290287566696e+00 4.949600876965224217e+00 1.194690412777033117e+01
1.216835042435715053e+00 6.111171305808125176e+00 1.309253250352536568e+01
1.225291554707625963e+00 7.625420640640987457e+00 1.311203735826545724e+01
2.213775353106567367e-01 8.228826416104565666e+00 1.354612503580932170e+01
2.242213698637430586e+00 8.214623347033148448e+00 1.269109493469025907e+01
4.566760236244307158e+00 6.654915028188466586e+00 1.323253593297782871e+01
5.761640292542279163e+00 6.848772420125373017e+00 1.239351688512922500e+01
5.431781102292148944e+00 7.169057272399936842e+00 1.094671471205546531e+01
6.224956905409800179e+00 6.849790048984271351e+00 1.005210050168256863e+01
6.495593285469774436e+00 8.009621590639444122e+00 1.308304948587378114e+01
5.471372748253067186e+00 8.677497645345576771e+00 1.393434841497784049e+01
4.522144582703396587e+00 7.605889353364029937e+00 1.435646398953481473e+01
4.280314923250022829e+00 7.792049144737588584e+00 1.068936132559365859e+01
3.879440650232403254e+00 8.071492898064558830e+00 9.316138107773939581e+00
3.546125508799872872e+00 6.784710081893181588e+00 8.570462574785329579e+00
3.872527077367858173e+00 6.643353236136179341e+00 7.384977754893496282e+00
2.685285029095043630e+00 9.023775410505344041e+00 9.314047891146868707e+00
2.206651484665811846e+00 9.544729999687401545e+00 7.959586652809913510e+00
3.314071624024785834e+00 1.029979528697446334e+01 7.231664234638686573e+00
9.968242819841381941e-01 1.043499117390486042e+01 8.158179657048181710e+00
2.894516068572889456e+00 5.836667200263415012e+00 9.247147754169537492e+00
2.623508299836102342e+00 4.537522262533903117e+00 8.642638680576700594e+00
3.927174142498747411e+00 3.793430342278879763e+00 8.383996872498659769e+00
4.099509674205350507e+00 3.167288782272448699e+00 7.331904095532620680e+00
1.669886705495809531e+00 3.727358165816314184e+00 9.540864148484201834e+00
1.485272343798179850e+00 2.307160663300149128e+00 9.014139750623400005e+00
3.235366287926076945e-01 4.428798090009103738e+00 9.639172356227559746e+00
4.863519595738148737e+00 3.847316614862133388e+00 9.334505400511424966e+00
6.175347786954709761e+00 3.237909210965925766e+00 9.124468706560165288e+00
6.837520475451507984e+00 3.831919156362508350e+00 7.887297936060443604e+00
7.312677338733805321e+00 3.107762961696310278e+00 7.004844106672008408e+00
7.058626809065532193e+00 3.416304988045680613e+00 1.037532925666918970e+01
8.464468121306351733e+00 2.873437290156067192e+00 1.013290428397649023e+01
6.433184577786282610e+00 2.725052924539299593e+00 1.157621168223407970e+01
6.873984337568498582e+00 5.162582542524997820e+00 7.802113785621111575e+00
7.505870887432934957e+00 5.814088560200408651e+00 6.660084759267947518e+00
6.797389462700821561e+00 5.452003421505007275e+00 5.361047260523017499e+00
7.440961975084576352e+00 5.115582328609631801e+00 4.360836647922292642e+00
7.514566135041843786e+00 7.328665116491341003e+00 6.862594630145721908e+00
5.464068774541580353e+00 5.513979479411792006e+00 5.359664953428079137e+00
4.709434826248877215e+00 5.207555141985755753e+00 4.148705941108850048e+00
4.989456100062859889e+00 3.790371166594877383e+00 3.668614630932463871e+00
5.131232429709017495e+00 3.549889101752281118e+00 2.463062123224440292e+00
3.214829342179600591e+00 5.399628134737881169e+00 4.404321692668267119e+00
5.066759551727598954e+00 2.834287843255852923e+00 4.597809903840006207e+00
5.314560167277908143e+00 1.448194574853911787e+00 4.212740681201110782e+00
6.721137531950303057e+00 1.270122442677414476e+00 3.652873346081983996e+00
6.923450766091092667e+00 5.051266004525991615e-01 2.705292892151962558e+00
5.085809158348010506e+00 5.256313482215756450e-01 5.409016597860500930e+00
3.617671249199030381e+00 2.355791083758345672e-01 5.643662667250383791e+00
2.895453662739741585e+00 1.215016630043670443e+00 6.176341650276849116e+00
3.134488872183253783e+00 -8.530109504988749869e-01 5.337318948103866312e+00
7.704313683338268604e+00 1.967320610066426667e+00 4.223290185534811947e+00
9.052226451354606240e+00 1.937430311130491578e+00 3.660851975730341490e+00
9.045032860097682814e+00 2.509925435764110535e+00 2.248253453674062374e+00
9.715778116976579781e+00 1.990030690107571942e+00 1.349354541775068084e+00
1.003182426257476223e+01 2.696310253535563195e+00 4.575525338886799354e+00
1.014060585846994123e+01 1.998023958452607829e+00 5.929939165785291344e+00
1.141367563590058509e+01 2.774399906690933282e+00 3.938666023097496360e+00
1.079157201521785048e+01 2.840540463552818196e+00 7.005827171761101368e+00
8.291043955610970073e+00 3.588212895859274276e+00 2.031232981569530693e+00
8.209081641955014774e+00 4.185844133048918891e+00 7.014825976721159595e-01
7.548253949772318450e+00 3.217920594766886300e+00 -2.699744447564633165e-01
7.975550609693580206e+00 3.082237700181089224e+00 -1.422082823571985788e+00
7.455228117492363360e+00 5.527860549435638760e+00 7.675946374513265003e-01
8.226449171180476583e+00 6.528293464448166716e+00 1.630573819649690837e+00
7.245549135496037962e+00 6.100687502504482218e+00 -6.287079824512684656e-01
7.427121815241900293e+00 7.758026439496474858e+00 2.013052038803538668e+00
6.493818330142399731e+00 2.535599076334683843e+00 1.794394730743289756e-01
5.845935232190870856e+00 1.547575279382036095e+00 -6.690565304778266498e-01
6.791177326607182430e+00 4.398216623894596888e-01 -1.086505098547389192e+00
6.837445501348996757e+00 5.105347421992395551e-02 -2.256024038912808116e+00
7.562019383843603393e+00 -8.656889865164339726e-02 -1.310546811827144054e-01
8.532264223737938025e+00 -1.127293055783713749e+00 -4.591281171999561095e-01
9.554566520008224373e+00 -5.986634938069713696e-01 -1.456319573864494066e+00
9.923317893658948563e+00 -1.288703712293576942e+00 -2.413999541965369033e+00
9.211782157008103766e+00 -1.658600083541277748e+00 8.179878605482348020e-01
8.182755391838082204e+00 -2.307548840338126794e+00 1.740640247753483028e+00
1.029551997927826790e+01 -2.678850425643812816e+00 4.633971499807019723e-01
8.731907408524087089e+00 -2.683328387630611989e+00 3.104968212139728845e+00
1.003269622113603532e+01 6.306763988269303844e-01 -1.248393103018941019e+00
1.097304796487533096e+01 1.220976571262476940e+00 -2.194605713624526278e+00
1.035958749308660209e+01 1.313421638938787606e+00 -3.584369779577841086e+00
1.101964584895931409e+01 1.008138333892828031e+00 -4.585389794613930370e+00
1.141204052333596231e+01 2.602724310684633391e+00 -1.708159706119136034e+00
1.232486134085254470e+01 3.393170507069911412e+00 -2.651612389473391840e+00
1.359731103495598781e+01 2.616397423317943893e+00 -2.957503468674002711e+00
1.265791784855090008e+01 4.756036670121963184e+00 -2.060614771637620191e+00
9.092184838323770890e+00 1.725779739608966690e+00 -3.665025266135336413e+00
8.418085835123369165e+00 1.816761719235989059e+00 -4.955005426163900495e+00
8.386721646818763531e+00 4.605065571008394865e-01 -5.647924774193494812e+00
8.675963351128915590e+00 3.530988790268636546e-01 -6.846394142670863658e+00
7.000493739717555286e+00 2.358435767174558162e+00 -4.760627246234129473e+00
6.261492603641614529e+00 2.598830884657381546e+00 -6.040194559183682088e+00
6.703884794046640394e+00 2.750324595745868184e+00 -7.311024132875320269e+00
4.889172920437798275e+00 2.711815365576750736e+00 -6.095495500972770486e+00
4.517237681757135803e+00 2.920679634296520888e+00 -7.345917787834180146e+00
5.599444390597297705e+00 2.947948510321091842e+00 -8.103040662763806523e+00
8.040221928265783191e+00 -5.929350507514754565e-01 -4.905625829099118818e+00
8.041702320157881445e+00 -1.932690586780047237e+00 -5.483358390169236429e+00
9.439031827698830313e+00 -2.326656902242055569e+00 -5.954179789042145288e+00
9.597463832521521354e+00 -2.901957802825796406e+00 -7.036104081049385783e+00
7.507541139961755761e+00 -2.940760199422227661e+00 -4.465515332699702356e+00
7.517124288651084285e+00 -4.415113902774963961e+00 -4.880792734771207009e+00
6.870711219190038577e+00 -4.617634557071457202e+00 -6.241932524878482269e+00
6.809443322721578262e+00 -5.258412591939444880e+00 -3.830849416627517989e+00
1.046731118563475604e+01 -2.012667203725073684e+00 -5.162241009042009665e+00
1.183701530344187525e+01 -2.336646171555724294e+00 -5.562858355228613938e+00
1.219172206384372181e+01 -1.617403979465444896e+00 -6.858566186200717674e+00
1.265447032813632333e+01 -2.232936609658784377e+00 -7.826600082849710205e+00
1.282381527098711160e+01 -1.989564769748296547e+00 -4.432917505196134478e+00
1.258001254728472063e+01 -2.895817679748818652e+00 -3.224624124004765058e+00
1.426725485193933451e+01 -2.141491838807068504e+00 -4.906543245446493451e+00
1.330472194766267791e+01 -2.456154890708846406e+00 -1.966198950648249788e+00
1.198182889348012203e+01 -2.997368668086038968e-01 -6.895663858058965090e+00
1.230601202320359455e+01 4.618706572140187094e-01 -8.096295474232213962e+00
1.152324246176901923e+01 -5.128778257279983238e-02 -9.296236401681191808e+00
1.203862669739155322e+01 -7.202635301455817540e-02 -1.041954579867197772e+01
1.202600278823139668e+01 1.947482252551914206e+00 -7.865915318559292935e+00
1.290068855498330258e+01 2.626039419279586618e+00 -6.809948945551091981e+00
1.238366154405603048e+01 4.018079472726351575e+00 -6.501793855423470880e+00
1.435497893495867139e+01 2.689769312890753383e+00 -7.262614375390137766e+00
1.027875490677099712e+01 -4.791485264691516810e-01 -9.076400305264947121e+00
9.469697226477673979e+00 -1.021008716042371978e+00 -1.016155384505275450e+01
1.005629607487547617e+01 -2.329563143476226728e+00 -1.067911263543471279e+01
1.006009910128531182e+01 -2.578165828582604124e+00 -1.189018085892502441e+01
8.031426610508013653e+00 -1.221881958583981742e+00 -9.689418720677227981e+00
7.132560306179144938e+00 -1.771344199190304280e+00 -1.075391748210911658e+01
6.428259902974043705e+00 -1.058038567472665781e+00 -1.167833622802735860e+01
6.844600796048339930e+00 -3.152363344264506484e+00 -1.100983043892012248e+01
5.957182628825260728e+00 -3.197943878851237542e+00 -1.210213507195488702e+01
7.250933509293181700e+00 -4.352453191391621345e+00 -1.041853686972668847e+01
5.718539786273518111e+00 -1.906454705211459544e+00 -1.249145025027454636e+01
5.468676390075720484e+00 -4.397112706755846645e+00 -1.261597335087605565e+01
6.763480895338702226e+00 -5.543443487561423133e+00 -1.093233650341504060e+01
5.882246147685191495e+00 -5.556098125248243313e+00 -1.201947871107375931e+01
1.054382430745100763e+01 -3.176987607261774205e+00 -9.773023235530050812e+00
1.115350303538915711e+01 -4.436915849032524228e+00 -1.018729207853927399e+01
1.243280463649084489e+01 -4.174960430965192870e+00 -1.097172484963177297e+01
1.262158783692771991e+01 -4.699291434011122703e+00 -1.207532572969557805e+01
1.140809183701698437e+01 -5.335070218333767045e+00 -8.962226663554936579e+00
1.007425918661943776e+01 -5.769895674749988324e+00 -8.351725817375447392e+00
1.223261574089175596e+01 -6.564846950050901242e+00 -9.349617321762174527e+00
1.019059218263956090e+01 -6.480299688788555557e+00 -7.019337821754467299e+00
1.332791174371126175e+01 -3.353118701631466525e+00 -1.041708222728001410e+01
1.457047208271576011e+01 -2.996206837822801283e+00 -1.109523539980494888e+01
1.430914025759151542e+01 -2.446563158591044562e+00 -1.249081717922806511e+01
1.511368283778380039e+01 -2.664743812530975919e+00 -1.340395979618549660e+01
1.534707197093215214e+01 -1.971857238476380614e+00 -1.026513569980432550e+01
1.612853106594586095e+01 -2.528123813296659694e+00 -9.072772424389453860e+00
1.650343867518411400e+01 -1.414528300430467622e+00 -8.104689102428208614e+00
1.737720930076852710e+01 -3.259722878774969246e+00 -9.544555714970471172e+00
1.322545788644291953e+01 -1.684126615124801107e+00 -1.264133639942602372e+01
1.291472166871180427e+01 -1.094345361673895400e+00 -1.393891725473642218e+01
1.252313859573818711e+01 -2.167455481626877400e+00 -1.494688618650713607e+01
1.289297434961578226e+01 -2.087270723526367888e+00 -1.612327214346265336e+01
1.180242382396631484e+01 -5.552215265791177884e-02 -1.378634974514052125e+01
1.154361014314917533e+01 7.174947869789665145e-01 -1.506596581633388787e+01
1.111681374680424028e+01 9.832526775513171502e-02 -1.606011617846783679e+01
1.178035356055252869e+01 1.943516934633852111e+00 -1.507889824750033192e+01
1.174442042841735656e+01 -3.164656402104027766e+00 -1.452985820173393350e+01
1.142043640186727771e+01 -4.214922470960047463e+00 -1.548749306698799977e+01
1.255429980765517328e+01 -5.241269558271505424e+00 -1.560793157155507060e+01
1.264435674805719145e+01 -5.913392901207466856e+00 -1.664050745707924150e+01
1.008929618243498894e+01 -4.879089687276562337e+00 -1.511396713083347976e+01
8.891034544185975719e+00 -3.921755995476674972e+00 -1.524505202258538716e+01
7.580850298379851360e+00 -4.618816091831651427e+00 -1.562360514185797378e+01
7.635390581281187750e+00 -5.314263192413551273e+00 -1.691040842435038627e+01
6.837953969768197915e+00 -5.047425807342752258e+00 -1.794906267892563889e+01
5.925516152815008653e+00 -4.087557059193748898e+00 -1.787013729314531929e+01
6.964975539770102309e+00 -5.730944997923686834e+00 -1.907855992852913118e+01
1.345566769259323969e+01 -5.310375367818248371e+00 -1.463807059023395851e+01
1.468841184147972889e+01 -6.088342229594470467e+00 -1.479910296388654878e+01
1.559835612739342636e+01 -5.424753569433594436e+00 -1.583210949176470272e+01
1.576330904115203602e+01 -4.205198358586678786e+00 -1.583131959387386445e+01
1.543502943466244481e+01 -6.232389096216270019e+00 -1.346809632612454344e+01
1.479171307365771781e+01 -7.068345580830370345e+00 -1.236289642769202857e+01
1.561976807332771244e+01 -6.978111014427868852e+00 -1.108060486936852129e+01
1.462712100231224355e+01 -8.507673375765895329e+00 -1.280263151700857982e+01
