# Created by Octave 6.2.0, Mon Aug 21 16:44:21 2023 GMT <unknown@kozuch01>
# name: spectra_text
# type: matrix
# rows: 314
# columns: 15
 0 7.4800000000000004 7.2699999999999996 7 6.7300000000000004 6.5199999999999996 6.2999999999999998 6.0899999999999999 5.8700000000000001 5.6600000000000001 5.4199999999999999 5.0599999999999996 4.7699999999999996 4.2599999999999998 3.7999999999999998
 1901.43273 -7.6436999999999993e-06 1.117e-07 -8.6519999999999999e-07 6.7067999999999999e-06 -1.49e-07 1.5402000000000001e-06 4.4977000000000002e-06 5.2673000000000004e-06 1.7400000000000001e-06 4.5638000000000002e-06 6.5842000000000004e-06 3.0620999999999999e-06 6.8521e-06 -5.0210000000000003e-07
 1899.50424 -9.0790999999999992e-06 1.5737000000000001e-06 -8.7580000000000005e-07 3.4807e-06 -2.3947000000000001e-06 -1.3534e-06 -2.5795999999999998e-06 1.9485000000000001e-06 -4.3809999999999999e-07 7.3939999999999996e-07 6.3959e-06 -1.7687999999999999e-06 -1.0759999999999999e-06 -4.6236000000000001e-06
 1897.57575 -8.0481000000000001e-06 1.6007e-06 -1.7142e-06 7.9979999999999995e-07 -4.7978e-06 -2.2888e-06 -4.6147e-06 1.5546999999999999e-06 -1.4421999999999999e-06 -2.6349e-06 3.7036e-06 -1.7828999999999999e-06 -2.2871999999999999e-06 -5.6493999999999996e-06
 1895.64726 -4.3970000000000004e-06 4.461e-07 -9.8919999999999999e-07 6.3330000000000004e-07 -5.4894000000000003e-06 -2.0379e-06 -4.0028e-06 2.8826000000000001e-06 -1.2121e-06 -1.4652e-06 2.1863000000000001e-06 -1.7713000000000001e-06 1.5460999999999999e-06 -3.2115999999999999e-06
 1893.7187699999999 2.7219999999999999e-06 3.32e-08 3.0931999999999999e-06 1.5064000000000001e-06 -4.4199999999999999e-08 7.0439999999999998e-07 -2.3873999999999998e-06 3.6816e-06 -1.1711000000000001e-06 1.7121000000000001e-06 4.2988999999999996e-06 -2.5015000000000001e-06 5.4063000000000002e-06 9.2009999999999999e-07
 1891.7902899999999 1.1728e-05 1.7023e-06 7.1203999999999996e-06 6.44e-07 8.3755999999999999e-06 5.3349000000000004e-06 1.0036e-06 5.4542999999999996e-06 7.6010000000000004e-07 3.0974000000000002e-06 9.0913000000000005e-06 3.8448e-06 9.1977e-06 6.8042e-06
 1889.8617999999999 1.2870100000000001e-05 2.7990000000000001e-07 5.5354000000000004e-06 -2.5227999999999998e-06 1.0321400000000001e-05 7.1424999999999998e-06 4.7353999999999996e-06 5.5991000000000003e-06 2.8967999999999999e-06 -6.0399999999999998e-08 1.0782699999999999e-05 1.15052e-05 1.03602e-05 8.5375999999999994e-06
 1887.9333099999999 3.1783999999999999e-06 -5.2224000000000002e-06 7.7830000000000003e-07 -4.9412000000000002e-06 6.0186999999999997e-06 5.5924e-06 5.0907999999999996e-06 4.8950000000000004e-07 2.8783e-06 -4.9748000000000002e-06 7.9210999999999994e-06 1.07021e-05 7.3902e-06 1.5104e-06
 1886.0048200000001 -4.0242000000000004e-06 -4.9644000000000003e-06 2.7516999999999998e-06 -4.1668999999999999e-06 4.8566000000000002e-06 3.6351000000000001e-06 2.8976e-06 -4.3789999999999999e-06 4.7499e-06 -4.0806000000000004e-06 5.9389e-06 8.7777000000000007e-06 4.6647000000000004e-06 -5.6041999999999996e-06
 1884.0763300000001 -8.9299999999999996e-07 1.5745999999999999e-06 1.00265e-05 -1.7051e-06 7.3862999999999999e-06 2.6158e-06 5.7159999999999996e-07 -4.2942000000000003e-06 9.1790999999999999e-06 2.8082999999999999e-06 6.2079000000000003e-06 1.0584199999999999e-05 2.3327999999999999e-06 -5.2475000000000002e-06
 1882.1478400000001 3.4612e-06 3.5673999999999999e-06 1.1462599999999999e-05 -1.2630000000000001e-07 7.6263000000000001e-06 3.5729999999999999e-06 -5.8299999999999999e-08 -2.1314e-06 7.8938000000000006e-06 7.7862000000000001e-06 6.5099000000000001e-06 8.6834000000000006e-06 -1.3898e-06 -2.0866000000000001e-06
 1880.2193500000001 3.1999999999999999e-06 -4.4659999999999999e-07 6.4273999999999997e-06 -6.328e-07 5.8132999999999999e-06 7.3003000000000002e-06 1.3205000000000001e-06 -1.1978e-06 3.0400000000000001e-08 6.9638000000000001e-06 6.7579000000000001e-06 4.0122999999999997e-06 -3.5182999999999998e-06 -1.3981e-06
 1878.2908600000001 3.3834000000000001e-06 -2.0453999999999999e-06 3.0912999999999999e-06 -2.0072e-06 6.8361999999999999e-06 1.2033599999999999e-05 3.2308999999999998e-06 8.4800000000000005e-08 -3.2432999999999999e-06 5.5905000000000001e-06 7.6044000000000004e-06 4.1670000000000001e-06 -1.7733e-06 -1.6076000000000001e-06
 1876.36238 4.7412999999999998e-06 5.4489999999999996e-07 3.7610999999999999e-06 -8.3239999999999996e-07 1.05705e-05 1.4545800000000001e-05 3.4311999999999999e-06 2.8426000000000001e-06 1.5949999999999999e-07 7.9950000000000005e-06 8.7266000000000004e-06 7.5000000000000002e-06 2.7300000000000002e-07 -3.9140000000000002e-07
 1874.43389 2.7395000000000002e-06 1.9402000000000001e-06 5.2282000000000002e-06 1.9703e-06 1.2313800000000001e-05 1.33273e-05 1.3143000000000001e-06 5.7142000000000003e-06 1.8030999999999999e-06 1.00786e-05 8.1867999999999993e-06 9.2089999999999994e-06 -1.2735e-06 2.6109999999999998e-07
 1872.5054 -1.7438999999999999e-06 9.3399999999999997e-07 7.0933999999999997e-06 2.3918999999999999e-06 1.2545699999999999e-05 1.0509999999999999e-05 -2.0669999999999999e-07 8.3289999999999994e-06 5.5550000000000002e-07 8.0275000000000006e-06 8.2763999999999992e-06 1.02421e-05 -2.5005999999999998e-06 -1.7179999999999999e-07
 1870.57691 -3.5754999999999999e-06 -1.3129999999999999e-07 9.6360000000000006e-06 2.6458000000000001e-06 1.3665999999999999e-05 9.0202000000000005e-06 -2.315e-07 8.6470000000000004e-06 6.0849999999999998e-07 5.0560000000000004e-06 1.1396999999999999e-05 1.24603e-05 3.4770000000000002e-07 1.0325000000000001e-06
 1868.64842 -1.5599000000000001e-06 -1.0565e-06 1.1303399999999999e-05 5.2943000000000003e-06 1.2525500000000001e-05 7.9835000000000007e-06 -1.2937e-06 4.2822999999999996e-06 1.8814999999999999e-06 4.6299999999999997e-06 1.04221e-05 1.34191e-05 3.1742999999999998e-06 1.3898e-06
 1866.71993 -1.656e-07 -1.2854e-06 1.3648e-05 5.8286999999999998e-06 1.05219e-05 7.1770000000000001e-06 -2.9345e-06 -1.8399999999999999e-08 2.5631000000000001e-06 5.0607999999999999e-06 3.6169e-06 1.00328e-05 2.7236000000000001e-06 -4.1354999999999996e-06
 1864.79144 -5.3340000000000005e-07 1.4305999999999999e-06 1.9139599999999999e-05 3.6884999999999999e-06 1.31551e-05 7.9543999999999996e-06 -2.6388e-06 2.2349e-06 3.8709999999999999e-06 4.7775000000000004e-06 6.9469999999999999e-07 7.0435000000000004e-06 7.7499999999999999e-08 -1.08354e-05
 1862.86295 2.9116000000000002e-06 5.8367999999999997e-06 2.4700599999999999e-05 6.7165e-06 1.9049e-05 1.01578e-05 -9.2599999999999995e-08 9.9073000000000008e-06 8.1012999999999998e-06 5.0987e-06 4.7878000000000001e-06 1.1203600000000001e-05 5.9599999999999999e-07 -8.8334000000000008e-06
 1860.9344699999999 9.6863000000000008e-06 7.1627e-06 2.53859e-05 1.46191e-05 2.34699e-05 1.45248e-05 4.7114999999999997e-06 1.62551e-05 1.2755899999999999e-05 7.2541999999999999e-06 1.0890800000000001e-05 1.7696499999999999e-05 5.8308000000000001e-06 -5.6990000000000004e-07
 1859.0059799999999 1.1792300000000001e-05 4.6801999999999997e-06 2.1413899999999998e-05 1.8322299999999999e-05 2.4614399999999999e-05 1.7674999999999999e-05 9.7764000000000001e-06 1.8142799999999998e-05 1.41276e-05 8.3351999999999994e-06 1.5333500000000002e-05 1.7557499999999999e-05 9.6144000000000006e-06 3.9918999999999998e-06
 1857.0774899999999 5.4242999999999999e-06 3.3436000000000001e-06 1.52524e-05 1.5461999999999999e-05 2.0928999999999999e-05 1.5942200000000001e-05 8.6836999999999995e-06 1.63265e-05 1.1426900000000001e-05 5.2121999999999998e-06 1.2999200000000001e-05 9.6871000000000008e-06 8.7182999999999992e-06 2.3394999999999998e-06
 1855.1489999999999 -6.2956999999999997e-06 2.1496000000000001e-06 7.2497999999999996e-06 7.3441999999999999e-06 1.19078e-05 1.1851199999999999e-05 -2.1210999999999999e-06 8.8926000000000002e-06 3.9940999999999996e-06 -1.3188e-06 2.3006999999999998e-06 -1.0713e-06 2.3360000000000002e-06 -2.8874999999999999e-06
 1853.2205100000001 -1.46995e-05 -2.5351000000000001e-06 1.9883000000000001e-06 -1.7935000000000001e-06 3.3573999999999998e-06 6.8511999999999997e-06 -1.4413199999999999e-05 -1.0138999999999999e-06 -6.0761000000000002e-06 -6.9268999999999997e-06 -6.9206999999999997e-06 -6.6850000000000004e-06 -7.0029999999999997e-06 -7.1605000000000003e-06
 1851.2920200000001 -1.4418300000000001e-05 -7.0733999999999999e-06 1.9400000000000001e-06 -4.7040000000000002e-06 9.9759999999999999e-07 1.7235999999999999e-06 -1.8477700000000001e-05 -4.8136e-06 -1.18082e-05 -9.3850000000000008e-06 -6.9864999999999999e-06 -5.9676000000000003e-06 -1.27896e-05 -7.7403999999999996e-06
 1849.3635300000001 -1.10721e-05 -9.0989000000000002e-06 2.6410000000000002e-06 -1.8555000000000001e-06 -3.8999999999999998e-08 -2.1872e-06 -1.6436999999999999e-05 -2.8934999999999999e-06 -9.5720999999999994e-06 -1.2014999999999999e-05 -4.2613000000000002e-06 -4.1730999999999999e-06 -1.47018e-05 -8.9622000000000004e-06
 1847.4350400000001 -8.8680000000000005e-06 -9.0615999999999998e-06 2.1754e-06 -1.1308e-06 -5.1568000000000003e-06 -5.8529999999999997e-06 -1.43279e-05 -8.9640000000000001e-07 -4.4723000000000004e-06 -1.6237000000000001e-05 -4.0820000000000001e-06 -4.2357e-06 -1.38164e-05 -1.15555e-05
 1845.50656 -5.2074999999999997e-06 -6.5930999999999996e-06 2.5563e-06 -4.5612999999999998e-06 -8.8164999999999994e-06 -9.5488999999999993e-06 -1.24982e-05 4.6549999999999998e-07 -3.1039999999999997e-07 -1.84926e-05 -3.2034000000000001e-06 -5.2289e-06 -8.3313999999999995e-06 -1.01759e-05
 1843.57807 -2.7192000000000002e-06 -6.0997000000000002e-06 4.5994000000000004e-06 -5.5430000000000001e-06 -6.1716000000000003e-06 -1.21878e-05 -1.11808e-05 -6.5410000000000001e-07 1.4035e-06 -1.7164e-05 -3.8668e-06 -7.7194999999999995e-06 -4.2811000000000004e-06 -8.5149000000000004e-06
 1841.64958 -1.1323999999999999e-06 -6.6229999999999999e-06 7.272e-06 1.9420000000000001e-07 -3.418e-07 -1.02817e-05 -8.1846999999999998e-06 -2.7727999999999999e-06 1.2123e-06 -1.32575e-05 -8.9113000000000006e-06 -1.0165300000000001e-05 -5.9633000000000001e-06 -1.09668e-05
 1839.72109 3.9848000000000004e-06 -3.0444e-06 7.8567000000000005e-06 6.1850000000000001e-06 3.4330999999999998e-06 -2.7866999999999999e-06 -3.4089999999999999e-07 -6.7799999999999998e-08 1.6816999999999999e-06 -9.0659999999999993e-06 -1.1411400000000001e-05 -7.8421999999999992e-06 -6.9403999999999997e-06 -1.11143e-05
 1837.7926 8.1589999999999993e-06 2.1727e-06 7.2656999999999997e-06 6.4853000000000004e-06 4.1031999999999999e-06 4.2324999999999997e-06 6.3022999999999998e-06 3.6123999999999999e-06 1.7552999999999999e-06 -6.4524000000000003e-06 -9.6035000000000005e-06 -2.7530999999999999e-06 -5.4395000000000002e-06 -9.9754999999999996e-06
 1835.86411 7.5430999999999998e-06 4.1307000000000001e-06 8.4617000000000007e-06 4.7997e-06 4.5611999999999996e-06 6.9071000000000003e-06 4.4229999999999998e-06 1.9323000000000001e-06 4.3210000000000001e-07 -5.9591000000000003e-06 -8.4635999999999997e-06 -4.5190000000000002e-07 -5.9607999999999997e-06 -1.2023499999999999e-05
 1833.93562 5.3831000000000002e-06 1.4159000000000001e-06 9.1470000000000007e-06 3.4684000000000001e-06 4.5691e-06 6.1241000000000004e-06 -1.9860999999999999e-06 2.51e-08 -1.2449999999999999e-06 -9.0899000000000008e-06 -7.5724999999999999e-06 2.727e-07 -8.1694000000000001e-06 -1.33264e-05
 1832.00713 4.1231000000000004e-06 -3.4195999999999998e-06 5.9766999999999999e-06 1.4234e-06 1.1816e-06 3.2907000000000001e-06 -5.5109e-06 2.6334000000000001e-06 -3.8259000000000001e-06 -1.55539e-05 -6.6537000000000003e-06 9.174e-07 -8.5251000000000008e-06 -1.27368e-05
 1830.0786499999999 3.4715999999999999e-06 -5.1394000000000003e-06 2.6112000000000001e-06 1.099e-07 -2.5871000000000002e-06 -3.9620000000000001e-07 -4.4124999999999997e-06 5.7815999999999998e-06 -7.3679000000000002e-06 -2.1627199999999999e-05 -7.6613999999999992e-06 -5.9340000000000001e-07 -7.6919e-06 -1.09088e-05
 1828.1501599999999 4.5235e-06 -2.0943e-06 4.2800999999999999e-06 1.3717999999999999e-06 -4.3140000000000001e-07 -1.2022999999999999e-06 1.6119999999999999e-07 7.4039999999999998e-06 -8.7332999999999999e-06 -2.1997500000000001e-05 -6.3992999999999999e-06 -1.8918e-06 -6.3713000000000003e-06 -2.8986999999999999e-06
 1826.2216699999999 8.1256000000000006e-06 3.7427000000000002e-06 1.04043e-05 6.4058999999999999e-06 7.7831000000000001e-06 6.0036000000000004e-06 6.6371999999999997e-06 9.2363e-06 -4.7952999999999996e-06 -1.30956e-05 5.0640000000000003e-07 3.5916000000000001e-06 -1.5018e-06 1.07531e-05
 1824.2931799999999 8.9146999999999995e-06 8.6731e-06 1.3793300000000001e-05 1.22879e-05 1.41051e-05 1.46343e-05 9.1198000000000003e-06 6.5575000000000003e-06 -1.0413000000000001e-06 -4.1629000000000004e-06 4.9589000000000001e-06 9.3071999999999996e-06 3.0686999999999999e-06 1.6179199999999999e-05
 1822.3646900000001 2.9960000000000002e-06 7.8978999999999994e-06 9.0167999999999998e-06 1.20888e-05 9.7388999999999992e-06 1.3288100000000001e-05 5.0374000000000003e-06 -3.7639000000000001e-06 -4.9706999999999997e-06 -7.0844999999999997e-06 -3.92e-08 3.8690999999999999e-06 -1.3400000000000001e-07 7.3344999999999998e-06
 1820.4362000000001 -1.81e-06 2.6172999999999999e-06 2.2525999999999998e-06 8.3449000000000004e-06 -2.0000000000000001e-10 3.8480000000000003e-06 1.1407999999999999e-06 -1.13298e-05 -1.0392499999999999e-05 -1.51589e-05 -7.2509000000000003e-06 -6.0372000000000004e-06 -8.0105000000000006e-06 -2.1279e-06
 1818.5077100000001 -7.0129999999999996e-07 -9.2660000000000005e-07 1.1433999999999999e-06 7.0300999999999998e-06 -2.4760000000000001e-06 -4.8902000000000002e-06 7.2199999999999998e-08 -1.02461e-05 -9.2502e-06 -1.8379399999999999e-05 -9.4689000000000001e-06 -9.1469000000000005e-06 -1.40312e-05 -4.4623999999999998e-06
 1816.5792200000001 9.4300000000000001e-07 -1.2022999999999999e-06 2.3597e-06 5.7898e-06 2.2276000000000001e-06 -7.9905000000000008e-06 -9.5650000000000007e-07 -7.3112999999999998e-06 -5.4806999999999999e-06 -1.79967e-05 -1.0625700000000001e-05 -6.4826000000000004e-06 -1.6709900000000001e-05 -6.8754000000000003e-06
 1814.65074 3.1499999999999998e-08 -8.7219999999999999e-07 1.716e-06 2.1380000000000001e-06 5.7239000000000004e-06 -4.9079000000000001e-06 -1.1613e-06 -6.5787999999999996e-06 -3.5831e-06 -1.47942e-05 -1.41741e-05 -3.6254000000000001e-06 -1.5329399999999999e-05 -1.0696000000000001e-05
 1812.72225 -4.8360000000000002e-07 -1.6563999999999999e-06 -8.0480000000000001e-07 -4.1489999999999999e-07 4.9282999999999999e-06 -2.0789999999999999e-06 -6.4669999999999999e-07 -6.7221999999999998e-06 -3.4680999999999999e-06 -1.0781199999999999e-05 -1.7836500000000001e-05 -3.7206999999999998e-06 -1.18645e-05 -1.07477e-05
 1810.79376 8.1770000000000002e-07 -3.1968e-06 -3.7732999999999999e-06 1.116e-06 2.993e-06 -6.4884000000000004e-06 -2.1927000000000002e-06 -8.1571000000000002e-06 -7.4881999999999997e-06 -1.2982e-05 -1.8227899999999999e-05 -6.7426999999999998e-06 -1.1478099999999999e-05 -8.5431999999999998e-06
 1808.86527 2.9034e-06 -3.7513e-06 -3.1470999999999999e-06 4.9541999999999999e-06 2.4358e-06 -1.2975399999999999e-05 -3.1564e-06 -1.1357400000000001e-05 -1.3600299999999999e-05 -1.8498000000000001e-05 -1.3591899999999999e-05 -9.3779000000000005e-06 -1.4894e-05 -7.2297000000000004e-06
 1806.93678 4.0099999999999997e-06 -2.7889000000000001e-06 -2.4390000000000001e-07 7.2184000000000002e-06 5.6140000000000004e-07 -1.37846e-05 -8.0800000000000004e-07 -1.4749899999999999e-05 -1.66169e-05 -1.84821e-05 -8.4893000000000002e-06 -8.2155999999999997e-06 -1.7867300000000001e-05 -6.1319999999999999e-06
 1805.00829 2.8067000000000002e-06 -1.4728999999999999e-06 -3.2590000000000003e-07 7.4027999999999997e-06 -3.5619000000000002e-06 -1.01927e-05 8.5599999999999999e-08 -1.7802600000000001e-05 -1.6675299999999999e-05 -1.5324200000000001e-05 -7.4093000000000004e-06 -6.4208999999999998e-06 -1.71097e-05 -6.3074e-06
 1803.0798 1.7490000000000001e-07 9.3890000000000002e-07 -3.7546999999999998e-06 7.0504000000000003e-06 -5.7319000000000001e-06 -5.8964e-06 -1.7881000000000001e-06 -1.8354699999999999e-05 -1.51047e-05 -1.4515899999999999e-05 -7.8824999999999995e-06 -5.6613000000000003e-06 -1.2651599999999999e-05 -7.9705999999999995e-06
 1801.15131 -8.8230000000000001e-07 5.6932e-06 -6.6429000000000004e-06 6.5522999999999999e-06 -2.8818999999999999e-06 -3.5877e-06 -1.4549e-06 -1.20641e-05 -1.30505e-05 -1.32346e-05 -6.8534000000000003e-06 -2.0248000000000001e-06 -8.3174999999999996e-06 -6.5054999999999998e-06
 1799.2228299999999 -4.8839999999999995e-07 8.6703999999999992e-06 -7.0280000000000003e-06 6.3324999999999999e-06 2.0466999999999998e-06 -5.2491000000000003e-06 -1.1271e-06 -2.6788000000000001e-06 -1.2368899999999999e-05 -1.06548e-05 -5.4634000000000001e-06 1.7579999999999999e-06 -1.0282000000000001e-05 -2.4084000000000001e-06
 1797.2943399999999 1.4670000000000001e-07 6.7773000000000003e-06 -4.1752999999999996e-06 7.1585000000000002e-06 5.3001999999999997e-06 -6.2713000000000004e-06 -3.5839000000000001e-06 1.7046e-06 -1.1758400000000001e-05 -9.9789000000000003e-06 -4.8060000000000002e-06 2.9579000000000001e-06 -1.5818300000000001e-05 1.057e-06
 1795.3658499999999 1.7674e-06 3.8578999999999999e-06 -5.2760000000000004e-07 6.1093000000000001e-06 5.5504000000000003e-06 -4.5147000000000002e-06 -3.3106000000000001e-06 2.1683999999999999e-06 -8.1485e-06 -8.3637999999999994e-06 -3.9798000000000004e-06 6.8519999999999998e-06 -1.43592e-05 3.1847000000000002e-06
 1793.4373599999999 1.5376999999999999e-06 2.0538999999999999e-06 -1.2008e-06 3.6230000000000001e-07 2.0970999999999998e-06 -5.4117999999999996e-06 -3.8229999999999998e-07 1.8207e-06 -4.5687e-06 -5.3952999999999998e-06 -3.6588e-06 1.16305e-05 -8.1761999999999997e-06 2.4061999999999999e-06
 1791.5088699999999 -2.3883000000000001e-06 -1.9976999999999999e-06 -4.6433000000000001e-06 -3.3264999999999998e-06 -2.6241e-06 -1.15488e-05 -7.5799999999999998e-07 -1.5884999999999999e-06 -6.8352000000000002e-06 -5.6281999999999997e-06 -5.2498000000000001e-06 8.4874999999999996e-06 -7.7636999999999999e-06 -1.2284e-06
 1789.5803800000001 -5.0741000000000003e-06 -5.1993000000000003e-06 -4.0214000000000002e-06 1.3029000000000001e-06 -2.9314999999999998e-06 -1.7054600000000001e-05 -2.9034e-06 -4.9142000000000003e-06 -1.1507399999999999e-05 -6.5409000000000003e-06 -7.5289e-06 1.6565999999999999e-06 -9.4829000000000003e-06 -2.836e-06
 1787.6518900000001 -6.3276000000000002e-06 -4.527e-06 -2.6048e-06 6.0569999999999998e-06 -1.6199999999999999e-08 -1.82379e-05 -5.6021000000000001e-06 -5.7707999999999999e-06 -1.2567300000000001e-05 -6.0229000000000004e-06 -9.6494999999999997e-06 1.8866000000000001e-06 -7.2246000000000003e-06 -1.4141999999999999e-06
 1785.7234000000001 -9.2635000000000003e-06 -4.0987999999999996e-06 -3.6938000000000001e-06 3.7208e-06 1.6849e-06 -1.6260500000000001e-05 -1.0612799999999999e-05 -8.8704999999999992e-06 -1.18687e-05 -7.9386000000000005e-06 -1.07597e-05 5.4427000000000004e-06 -5.7772999999999997e-06 -1.5589e-06
 1783.79492 -1.0559300000000001e-05 -4.9747e-06 -2.4422999999999999e-06 -3.3620000000000001e-07 1.2956999999999999e-06 -1.1719799999999999e-05 -1.2979899999999999e-05 -1.2258299999999999e-05 -1.31509e-05 -1.0412699999999999e-05 -9.2516999999999999e-06 4.3050999999999997e-06 -7.5784000000000002e-06 -3.5808000000000001e-06
 1781.86643 -7.9214000000000001e-06 -6.2895999999999999e-06 -7.9700000000000006e-08 -1.1644e-06 -8.4409999999999999e-07 -6.9415999999999997e-06 -9.3680000000000008e-06 -1.17479e-05 -1.6364200000000002e-05 -9.8068000000000007e-06 -7.9874999999999993e-06 1.782e-06 -9.4415999999999995e-06 -4.8660999999999999e-06
 1779.93794 -5.5944000000000002e-06 -7.8189999999999992e-06 -5.1880000000000001e-07 -1.1263999999999999e-06 -1.9987e-06 -5.4205e-06 -5.3944000000000004e-06 -1.1021399999999999e-05 -1.94076e-05 -7.4638999999999998e-06 -7.8563999999999999e-06 2.1225999999999998e-06 -9.8879999999999992e-06 -5.8819999999999998e-06
 1778.00945 -5.4863999999999997e-06 -6.1751999999999998e-06 -8.1380000000000005e-07 -1.3210999999999999e-06 -2.1312999999999998e-06 -7.1806000000000003e-06 -4.9864000000000002e-06 -1.1066199999999999e-05 -2.14688e-05 -4.9571000000000004e-06 -5.6748999999999997e-06 2.6908000000000001e-06 -9.5402000000000006e-06 -6.3033999999999997e-06
 1776.08096 -1.3912999999999999e-06 1.1841e-06 1.1896e-06 2.4472999999999998e-06 -2.7035e-06 -7.3401999999999996e-06 -2.1443e-06 -3.4809999999999998e-06 -1.8007199999999999e-05 1.1855999999999999e-06 1.0373e-06 8.5311000000000004e-06 -5.0510999999999998e-06 2.1784000000000002e-06
 1774.15247 6.7274000000000002e-06 7.8226000000000003e-06 2.7452e-06 6.1552e-06 -1.4884e-06 -4.5677999999999997e-06 4.9288000000000001e-06 1.09639e-05 -8.0430000000000008e-06 9.1097000000000002e-06 9.3734999999999993e-06 2.2925099999999998e-05 6.686e-06 1.9476100000000001e-05
 1772.22398 7.8208999999999999e-06 5.9560000000000002e-06 1.7389e-06 3.5441999999999999e-06 1.7684000000000001e-06 -3.7960000000000002e-06 6.3345000000000001e-06 1.72149e-05 -1.0049999999999999e-06 9.4459000000000005e-06 1.14583e-05 3.0151999999999999e-05 1.5598900000000001e-05 2.7163599999999999e-05
 1770.29549 -4.4149999999999998e-07 -2.4217e-06 -2.4389999999999999e-06 -1.5145000000000001e-06 2.2299e-06 -7.5186999999999997e-06 -1.5726e-06 1.0694e-05 -3.1901000000000002e-06 2.4198000000000001e-06 3.9601000000000004e-06 2.2773899999999999e-05 1.1219900000000001e-05 1.9366599999999999e-05
 1768.3670099999999 -6.9162e-06 -8.5349000000000002e-06 -5.5064999999999997e-06 -3.3794000000000002e-06 -1.4359000000000001e-06 -1.16613e-05 -8.4480999999999996e-06 1.9313999999999998e-06 -8.1108000000000003e-06 -1.8081999999999999e-06 -3.9323999999999998e-06 1.2721199999999999e-05 2.0818000000000001e-06 1.31163e-05
 1766.4385199999999 -5.1478000000000001e-06 -5.1815000000000003e-06 -3.6059999999999999e-07 8.3679999999999998e-07 -2.6941000000000002e-06 -7.9942000000000005e-06 -7.3791000000000002e-06 3.4999999999999999e-09 -5.8795000000000002e-06 1.5435999999999999e-06 -1.7112e-06 9.8401999999999994e-06 2.9444000000000001e-06 1.8456899999999999e-05
 1764.5100299999999 1.962e-06 5.0080000000000002e-06 8.7170999999999999e-06 1.1629400000000001e-05 6.9810000000000004e-07 4.7051000000000001e-06 -4.21e-08 7.8753999999999992e-06 4.2690000000000001e-06 9.6546000000000007e-06 1.09584e-05 1.8886399999999999e-05 1.67868e-05 3.1948e-05
 1762.5815399999999 6.5261000000000001e-06 1.28607e-05 9.7682000000000008e-06 2.1804300000000001e-05 5.1704999999999999e-06 1.36716e-05 6.5281999999999996e-06 1.87166e-05 1.2669399999999999e-05 1.6089199999999998e-05 2.29274e-05 3.2587299999999999e-05 3.4468399999999997e-05 4.5831799999999997e-05
 1760.6530499999999 3.6834000000000002e-06 1.2568000000000001e-05 4.9915999999999998e-06 2.56331e-05 9.9853999999999993e-06 1.1585399999999999e-05 7.1575999999999999e-06 2.0455400000000001e-05 1.27894e-05 1.88112e-05 2.5950899999999999e-05 3.7951199999999997e-05 4.4924199999999999e-05 5.3168999999999999e-05
 1758.7245600000001 7.5290000000000003e-07 8.8590999999999996e-06 7.8125000000000002e-06 2.57519e-05 1.7637400000000002e-05 1.0991900000000001e-05 1.2514700000000001e-05 2.0053700000000001e-05 1.33968e-05 2.6446000000000001e-05 3.07676e-05 4.3958600000000003e-05 5.2832199999999999e-05 6.3156499999999997e-05
 1756.7960700000001 3.7407e-06 1.0847699999999999e-05 1.9405399999999999e-05 2.9386800000000001e-05 3.0423700000000001e-05 2.2112699999999999e-05 3.1071800000000003e-05 3.1556000000000001e-05 2.5449600000000001e-05 4.6263500000000002e-05 4.7880699999999997e-05 6.2927200000000003e-05 7.1397700000000003e-05 8.7824200000000005e-05
 1754.8675800000001 9.3209999999999994e-06 1.9608600000000001e-05 3.0272200000000001e-05 3.9841600000000002e-05 4.6340200000000001e-05 4.1180699999999997e-05 5.2707600000000003e-05 5.3957099999999999e-05 4.8767899999999998e-05 7.2652500000000003e-05 7.3957700000000005e-05 9.2889300000000005e-05 0.0001009004 0.00012269359999999999
 1752.9391000000001 1.6551299999999999e-05 2.7424200000000001e-05 3.7355199999999998e-05 5.2269299999999998e-05 6.1288e-05 6.40787e-05 7.3618100000000006e-05 8.2323499999999999e-05 7.7552599999999993e-05 9.8452300000000006e-05 0.0001072433 0.00013143679999999999 0.00013619040000000001 0.00016218830000000001
 1751.01061 2.4585600000000001e-05 3.2537699999999999e-05 4.5573099999999999e-05 6.7234200000000001e-05 7.7943100000000003e-05 8.9379100000000006e-05 9.9356000000000002e-05 0.0001142659 0.00010781959999999999 0.0001247078 0.00014443020000000001 0.00017206259999999999 0.00017458400000000001 0.00020645360000000001
 1749.08212 2.9174800000000001e-05 4.1687000000000003e-05 5.7509900000000003e-05 8.8233900000000002e-05 9.9590099999999994e-05 0.0001124879 0.00012706929999999999 0.00014348249999999999 0.0001385081 0.0001553564 0.0001766122 0.0002061473 0.0002118973 0.00025042059999999999
 1747.15363 2.9139700000000002e-05 5.1813200000000001e-05 7.0319299999999996e-05 0.0001061087 0.0001199281 0.00012867379999999999 0.0001484922 0.00016375250000000001 0.0001663817 0.00018678809999999999 0.00020220350000000001 0.00023443189999999999 0.00024349269999999999 0.00028640129999999998
 1745.22514 2.6745800000000001e-05 5.5806400000000002e-05 8.3084900000000001e-05 0.0001167371 0.0001345591 0.00014213379999999999 0.00016458799999999999 0.0001791292 0.00018807700000000001 0.00021446130000000001 0.00022877339999999999 0.00026225869999999999 0.00027047209999999999 0.0003140714
 1743.29665 2.6744999999999999e-05 5.8841600000000003e-05 9.5350400000000001e-05 0.00012647139999999999 0.00014449220000000001 0.00015733859999999999 0.00017982100000000001 0.0001956025 0.0002039811 0.00023668840000000001 0.00025572890000000002 0.00028874210000000001 0.00029623220000000002 0.00033588070000000001
 1741.36816 3.2474800000000003e-05 6.4863999999999994e-05 0.0001030927 0.00013491539999999999 0.00015229149999999999 0.00017140809999999999 0.0001918802 0.0002089525 0.00021473670000000001 0.00024945339999999999 0.0002755406 0.00030806330000000002 0.0003169421 0.00035028039999999999
 1739.43967 3.8265500000000001e-05 6.9829500000000006e-05 0.00010547409999999999 0.0001384333 0.0001601308 0.000180013 0.00019545540000000001 0.0002126238 0.00021930370000000001 0.00025388880000000002 0.00028440760000000002 0.00031537660000000001 0.00032332079999999999 0.00035538159999999998
 1737.5111899999999 3.8951400000000001e-05 6.8685100000000004e-05 0.00010124320000000001 0.00013276170000000001 0.00015996949999999999 0.00017789680000000001 0.0001905249 0.00020887879999999999 0.00021797449999999999 0.00025251329999999999 0.00028209019999999999 0.00031218700000000001 0.00031497250000000001 0.00035389219999999998
 1735.5826999999999 4.02088e-05 6.2609999999999999e-05 8.8302100000000003e-05 0.000118687 0.0001463914 0.00016891350000000001 0.00018466859999999999 0.00020340669999999999 0.00021492519999999999 0.00024492360000000001 0.00027498799999999999 0.00030836749999999999 0.00030593139999999998 0.0003511721
 1733.6542099999999 4.1444299999999999e-05 6.1458399999999994e-05 7.8891200000000001e-05 0.00011157449999999999 0.00013409159999999999 0.0001647427 0.0001826419 0.0001966739 0.0002087712 0.0002352822 0.00026841810000000001 0.0003034558 0.00030330500000000002 0.00034340580000000002
 1731.7257199999999 3.9336699999999999e-05 6.84206e-05 8.4695299999999995e-05 0.0001202801 0.0001376545 0.00016646639999999999 0.0001806713 0.00018915969999999999 0.0001976236 0.0002311883 0.00026249360000000002 0.00029272560000000002 0.00030029520000000002 0.00033084180000000001
 1729.7972299999999 4.0780099999999999e-05 7.5878799999999996e-05 9.85946e-05 0.00013402290000000001 0.00015041539999999999 0.00016898330000000001 0.00017698130000000001 0.0001853747 0.00019001749999999999 0.00023594830000000001 0.0002575578 0.00028477199999999998 0.00029823019999999998 0.00032765239999999997
 1727.8687399999999 4.6769099999999999e-05 8.06768e-05 0.0001090357 0.0001430801 0.00015968619999999999 0.00017273850000000001 0.0001741976 0.00018566510000000001 0.0001901254 0.0002434138 0.0002530942 0.00028624070000000002 0.00030320450000000001 0.00033560570000000002
 1725.9402500000001 4.7751199999999998e-05 8.2526000000000002e-05 0.000110114 0.00014447179999999999 0.00016083030000000001 0.00017451009999999999 0.00017327710000000001 0.0001868149 0.00019067269999999999 0.00024201339999999999 0.00024927149999999997 0.00029094510000000001 0.00031116180000000001 0.00034418710000000001
 1724.0117600000001 4.3449099999999997e-05 7.9106900000000007e-05 0.00010507 0.00013932810000000001 0.0001548656 0.00016829139999999999 0.0001700203 0.0001856637 0.0001869854 0.00023138440000000001 0.00024711170000000002 0.00029194680000000001 0.00031728259999999999 0.0003521679
 1722.0832800000001 4.0380999999999998e-05 6.9601899999999995e-05 9.8025199999999998e-05 0.00013192189999999999 0.0001439623 0.00015642450000000001 0.0001617419 0.0001805214 0.000181196 0.00022217889999999999 0.00024758229999999998 0.00029251849999999997 0.00032323410000000002 0.0003641079
 1720.15479 4.15775e-05 5.9391800000000003e-05 8.4260700000000005e-05 0.0001218458 0.00012822530000000001 0.0001464258 0.00015495010000000001 0.00017662759999999999 0.00017752720000000001 0.0002192625 0.0002518566 0.00030118709999999999 0.00033142369999999998 0.00038239939999999998
 1718.2263 4.5142699999999997e-05 5.5150800000000001e-05 6.6831799999999999e-05 0.0001064371 0.0001113979 0.0001396638 0.00015096940000000001 0.0001751566 0.0001755479 0.0002191704 0.0002563318 0.00031325299999999999 0.00033927000000000002 0.00040034290000000002
 1716.29781 4.5389400000000003e-05 5.5866399999999998e-05 5.9088300000000001e-05 9.1986700000000005e-05 0.00010361970000000001 0.00013291329999999999 0.00014140769999999999 0.00016884579999999999 0.0001721092 0.00021669359999999999 0.00025546999999999999 0.0003139277 0.00034159419999999998 0.00040711250000000001
 1714.36932 3.93339e-05 5.5872599999999998e-05 6.2003799999999997e-05 8.6441199999999995e-05 0.0001057605 0.00012367270000000001 0.00012714630000000001 0.00015604529999999999 0.0001656199 0.00020717399999999999 0.00024644059999999999 0.00030010520000000001 0.00033770069999999999 0.00040230970000000002
 1712.44083 3.0403500000000001e-05 4.9203100000000003e-05 6.2383899999999997e-05 8.3749499999999995e-05 0.0001050954 0.0001127096 0.0001153621 0.00014045369999999999 0.0001517771 0.00018937110000000001 0.00022892100000000001 0.000279017 0.0003259564 0.0003894611
 1710.51234 2.20929e-05 3.5914899999999997e-05 5.4156200000000002e-05 7.4462900000000002e-05 9.3163400000000003e-05 9.9907899999999999e-05 0.00010138150000000001 0.0001219224 0.00013041530000000001 0.00016405289999999999 0.00020647180000000001 0.00025592220000000002 0.00030459479999999999 0.00036879129999999998
 1708.58385 1.79517e-05 2.52204e-05 4.4832200000000001e-05 6.2093400000000004e-05 7.8688200000000003e-05 8.4119899999999994e-05 8.3002600000000004e-05 0.0001049528 0.0001127955 0.00014027420000000001 0.00018604329999999999 0.00023861840000000001 0.00028296160000000002 0.00034843029999999999
 1706.6553699999999 1.7796999999999999e-05 2.3463800000000001e-05 4.0455499999999999e-05 5.4632400000000002e-05 7.0540500000000007e-05 6.9165599999999994e-05 6.84361e-05 9.47843e-05 0.00010424950000000001 0.0001268439 0.0001706512 0.00022649540000000001 0.00026703350000000002 0.00033665760000000001
 1704.7268799999999 1.7087200000000001e-05 2.6104700000000001e-05 3.6288200000000003e-05 4.8847100000000002e-05 6.2510900000000005e-05 5.7563599999999999e-05 5.7671499999999998e-05 8.6089900000000004e-05 9.52973e-05 0.00011775859999999999 0.00015746449999999999 0.00020917949999999999 0.00024994680000000002 0.00032611959999999997
 1702.7983899999999 1.5282999999999999e-05 2.28778e-05 2.0363399999999999e-05 3.2404399999999998e-05 4.3495699999999998e-05 4.3632399999999999e-05 4.2579800000000002e-05 7.5923700000000006e-05 8.0047699999999996e-05 0.00010164249999999999 0.00014111160000000001 0.00018911730000000001 0.00022730720000000001 0.00030870170000000001
 1700.8698999999999 1.3906e-05 1.1563600000000001e-05 -2.6386e-06 7.2268e-06 1.6708600000000001e-05 2.4089099999999999e-05 2.2756999999999999e-05 6.4869000000000005e-05 6.2730800000000006e-05 7.7255999999999994e-05 0.00011682 0.00017011549999999999 0.0001993207 0.00028432510000000002
 1698.9414099999999 1.21575e-05 2.3926000000000002e-06 -1.50593e-05 -7.2251999999999999e-06 -2.9652999999999998e-06 5.5454000000000003e-06 4.7271e-06 4.8961900000000003e-05 4.53014e-05 5.3133500000000002e-05 8.9635099999999998e-05 0.00014807430000000001 0.0001680738 0.00025644820000000001
 1697.0129199999999 8.7257000000000002e-06 7.1230000000000005e-07 -1.7433999999999999e-05 -8.5962999999999993e-06 -1.1886600000000001e-05 -5.7133e-06 -1.0118299999999999e-05 3.0473200000000002e-05 2.8195899999999999e-05 3.2901100000000003e-05 6.6791299999999999e-05 0.0001250751 0.0001392435 0.0002318388
 1695.0844300000001 1.1487999999999999e-06 1.3222e-06 -1.8275400000000001e-05 -7.7303999999999997e-06 -1.5331800000000001e-05 -1.37955e-05 -2.8333000000000001e-05 1.2343200000000001e-05 7.8702999999999998e-06 9.8555999999999993e-06 4.04218e-05 9.3921599999999999e-05 0.0001098955 0.00020529620000000001
 1693.1559400000001 -5.4975999999999997e-06 -3.883e-07 -1.9236799999999999e-05 -9.0447e-06 -1.7127500000000002e-05 -2.7288300000000001e-05 -4.7329100000000001e-05 -6.0011e-06 -1.76413e-05 -1.6090300000000001e-05 6.5532999999999996e-06 5.0738800000000003e-05 7.52039e-05 0.00016893029999999999
 1691.2274600000001 -5.5474999999999998e-06 -7.1291000000000001e-06 -2.4255400000000002e-05 -1.81544e-05 -2.6120400000000002e-05 -4.9637099999999999e-05 -6.0456199999999999e-05 -2.5726799999999999e-05 -4.24645e-05 -4.00667e-05 -2.5124099999999999e-05 1.06122e-05 3.9856099999999999e-05 0.00013078300000000001
 1689.2989700000001 -4.6971000000000003e-06 -1.6211200000000002e-05 -3.5118199999999999e-05 -3.5450300000000002e-05 -4.4358499999999999e-05 -7.3799299999999997e-05 -7.1775999999999999e-05 -4.6637600000000002e-05 -6.3570899999999998e-05 -6.0653999999999999e-05 -5.1660599999999998e-05 -2.09386e-05 6.9828999999999997e-06 9.6395800000000003e-05
 1687.37048 -5.7679999999999997e-06 -2.4859400000000001e-05 -5.2374199999999997e-05 -5.6874699999999999e-05 -6.8472000000000004e-05 -9.0732100000000005e-05 -8.27569e-05 -6.2730499999999999e-05 -8.1233100000000007e-05 -7.9068599999999997e-05 -7.2971000000000003e-05 -4.2944400000000002e-05 -1.9076199999999999e-05 6.8926900000000006e-05
 1685.44199 -5.7536999999999996e-06 -3.4057999999999998e-05 -7.0034099999999994e-05 -7.5731199999999998e-05 -8.9881800000000004e-05 -9.8573599999999994e-05 -9.3261800000000002e-05 -7.1870699999999996e-05 -9.4925299999999997e-05 -9.7123899999999993e-05 -8.9848199999999998e-05 -5.5352900000000003e-05 -3.7366400000000002e-05 5.0569000000000003e-05
 1683.5135 -7.3672000000000004e-06 -4.0265100000000002e-05 -7.5138500000000006e-05 -8.2458600000000004e-05 -9.5899599999999999e-05 -0.00010224380000000001 -0.0001097055 -8.4720899999999997e-05 -0.0001081531 -0.00011482220000000001 -0.00010920960000000001 -7.4822700000000004e-05 -5.9095499999999997e-05 2.8327499999999999e-05
 1681.58501 -1.10518e-05 -4.0872799999999999e-05 -6.9345799999999996e-05 -7.9655900000000004e-05 -9.2579300000000003e-05 -0.0001086653 -0.00012966639999999999 -0.000103991 -0.000120905 -0.0001299483 -0.00012697009999999999 -0.0001066422 -8.5200900000000006e-05 -1.8813000000000001e-06
 1679.65652 -1.1864e-05 -3.7594600000000001e-05 -6.4932599999999996e-05 -7.4427100000000004e-05 -9.2667499999999993e-05 -0.0001146036 -0.0001396523 -0.0001157914 -0.00012662390000000001 -0.0001371674 -0.0001314439 -0.00012939000000000001 -0.0001019373 -2.13759e-05
 1677.72803 -1.12383e-05 -3.5876200000000001e-05 -6.7793399999999994e-05 -7.1398399999999997e-05 -9.6128899999999994e-05 -0.00011609500000000001 -0.0001376615 -0.000115796 -0.00012689029999999999 -0.00013721480000000001 -0.00013128719999999999 -0.00013455739999999999 -0.0001099782 -2.5768399999999999e-05
 1675.79955 -1.4670399999999999e-05 -4.06755e-05 -7.7387799999999998e-05 -7.3142500000000007e-05 -0.00010055060000000001 -0.0001201379 -0.00013775460000000001 -0.0001194149 -0.00013217550000000001 -0.00014283399999999999 -0.00014382420000000001 -0.00014040680000000001 -0.00012619749999999999 -3.6507300000000002e-05
 1673.8710599999999 -2.0225400000000001e-05 -4.88491e-05 -8.7596599999999994e-05 -7.5301000000000003e-05 -0.0001058767 -0.0001316046 -0.00014985709999999999 -0.00013729580000000001 -0.00015065879999999999 -0.00016493749999999999 -0.00017083150000000001 -0.00016467629999999999 -0.00015955909999999999 -7.01849e-05
 1671.9425699999999 -2.2279399999999999e-05 -5.4997200000000003e-05 -9.4770099999999996e-05 -7.9091599999999993e-05 -0.00011295230000000001 -0.00014586920000000001 -0.00016942380000000001 -0.0001593849 -0.00018120819999999999 -0.0001992102 -0.00020457400000000001 -0.00020449509999999999 -0.00020352839999999999 -0.00012217749999999999
 1670.0140799999999 -2.3076599999999999e-05 -6.2417199999999996e-05 -0.0001028886 -9.1256399999999996e-05 -0.00012356859999999999 -0.00015911199999999999 -0.00019033130000000001 -0.00018407889999999999 -0.00022284560000000001 -0.0002395659 -0.0002513239 -0.0002575613 -0.00026145010000000002 -0.0001930077
 1668.0855899999999 -2.8386900000000001e-05 -7.4142100000000003e-05 -0.0001143075 -0.00010727579999999999 -0.00013798409999999999 -0.00017495910000000001 -0.0002114149 -0.00023023870000000001 -0.00028497400000000001 -0.00029773169999999999 -0.00032922890000000002 -0.0003390469 -0.00035330730000000002 -0.00030131370000000002
 1666.1570999999999 -3.5530600000000002e-05 -8.8290900000000005e-05 -0.00013190979999999999 -0.00012324189999999999 -0.00016152979999999999 -0.0001998658 -0.00023782290000000001 -0.00030826779999999998 -0.00037983720000000002 -0.0003925752 -0.00044661270000000001 -0.00046324799999999998 -0.00049294189999999998 -0.00046322920000000002
 1664.2286099999999 -4.14663e-05 -0.00010458390000000001 -0.0001623796 -0.00014733530000000001 -0.0001993365 -0.00023509799999999999 -0.00027955919999999998 -0.00041158509999999999 -0.00051208280000000002 -0.00052885620000000003 -0.00060342499999999999 -0.00063110059999999999 -0.00068136469999999997 -0.00068048819999999999
 1662.3001200000001 -4.9653500000000002e-05 -0.0001211191 -0.00019855869999999999 -0.00018036650000000001 -0.00024209970000000001 -0.0002771769 -0.00033623069999999999 -0.00052238879999999999 -0.00066198090000000004 -0.00068168500000000002 -0.00077755170000000005 -0.00081479950000000001 -0.00088972330000000003 -0.0009191456
 1660.3716400000001 -5.8423700000000001e-05 -0.0001311036 -0.0002187275 -0.00020530249999999999 -0.0002682545 -0.00031183349999999997 -0.00038184079999999999 -0.00059452289999999998 -0.00076471649999999998 -0.00078233369999999999 -0.0008936778 -0.00093601630000000001 -0.0010292018 -0.0010815582999999999
 1658.4431500000001 -5.9901200000000002e-05 -0.0001315376 -0.00021532309999999999 -0.00020605330000000001 -0.00026568019999999998 -0.00031460329999999999 -0.0003827786 -0.00057580420000000003 -0.00074761819999999998 -0.00076130930000000005 -0.00087416779999999997 -0.00091190539999999999 -0.0010051848 -0.0010644662999999999
 1656.51466 -4.7182799999999998e-05 -0.0001242614 -0.00020208699999999999 -0.00018763260000000001 -0.00024195440000000001 -0.00027707159999999998 -0.00033163939999999997 -0.00046288509999999999 -0.00060499920000000001 -0.00062008409999999995 -0.00071803679999999997 -0.00073530150000000001 -0.00081562789999999996 -0.00085757729999999999
 1654.58617 -2.6108399999999999e-05 -0.0001096404 -0.0001868339 -0.0001634138 -0.000209211 -0.0002174353 -0.0002543968 -0.00030820830000000002 -0.00040881149999999998 -0.00042959129999999999 -0.00050020279999999999 -0.00048875009999999996 -0.00055573359999999997 -0.00056093720000000003
 1652.65768 -1.54952e-05 -8.9067599999999994e-05 -0.0001591765 -0.00013201329999999999 -0.00016799100000000001 -0.00015915720000000001 -0.00018737349999999999 -0.0001821735 -0.0002488128 -0.0002653768 -0.0003141614 -0.00028725959999999998 -0.00033869480000000001 -0.00031425749999999998
 1650.72919 -1.75979e-05 -6.9272500000000005e-05 -0.0001211887 -9.5627900000000006e-05 -0.0001235846 -0.0001159917 -0.00014652409999999999 -0.0001167542 -0.00016032000000000001 -0.0001616361 -0.0002072385 -0.0001857808 -0.0002196206 -0.00018744829999999999
 1648.8007 -1.66819e-05 -5.7270800000000001e-05 -9.5603699999999994e-05 -7.5054499999999998e-05 -9.5146099999999994e-05 -9.0598099999999996e-05 -0.0001242824 -9.0706999999999997e-05 -0.0001204953 -0.0001154697 -0.00016240539999999999 -0.00015158399999999999 -0.0001806039 -0.00014973039999999999
 1646.87221 -1.19575e-05 -4.9035100000000001e-05 -8.5205999999999997e-05 -7.0426199999999993e-05 -8.5610099999999995e-05 -7.6326699999999995e-05 -0.00011449479999999999 -8.3910299999999995e-05 -0.00010749509999999999 -0.0001061837 -0.0001507821 -0.00014585109999999999 -0.00018145640000000001 -0.00015346660000000001
 1644.94373 -1.09367e-05 -4.0683699999999998e-05 -7.5890900000000002e-05 -5.9941300000000002e-05 -8.0770200000000001e-05 -6.7881500000000004e-05 -0.0001153488 -9.4916999999999999e-05 -0.0001153138 -0.0001139024 -0.0001607635 -0.0001636455 -0.0002007884 -0.00017918209999999999
 1643.0152399999999 -1.14252e-05 -3.6594599999999997e-05 -6.7733700000000005e-05 -4.3600999999999998e-05 -7.5233800000000005e-05 -6.3810099999999994e-05 -0.0001193215 -0.0001119587 -0.00013064810000000001 -0.0001262534 -0.00017866529999999999 -0.00019228219999999999 -0.0002249788 -0.00020831570000000001
 1641.0867499999999 -1.1254699999999999e-05 -3.59225e-05 -6.3401500000000006e-05 -3.5982899999999997e-05 -6.9787699999999996e-05 -5.9617600000000003e-05 -0.0001194034 -0.00012106730000000001 -0.00013782360000000001 -0.00013172990000000001 -0.00018772060000000001 -0.00020611650000000001 -0.00023672459999999999 -0.0002213804
 1639.1582599999999 -1.1587799999999999e-05 -3.6702500000000003e-05 -6.6058999999999999e-05 -3.9007600000000002e-05 -6.5097699999999998e-05 -5.4274499999999997e-05 -0.00011433630000000001 -0.0001190662 -0.00013253660000000001 -0.00012671310000000001 -0.0001840968 -0.00019666320000000001 -0.00023161389999999999 -0.0002162818
 1637.2297699999999 -1.1936899999999999e-05 -4.1569800000000003e-05 -7.7679299999999993e-05 -4.8295299999999998e-05 -6.4964900000000005e-05 -5.38651e-05 -0.0001054831 -0.0001077501 -0.0001219409 -0.00012072249999999999 -0.00017406299999999999 -0.00017364750000000001 -0.0002216047 -0.00020257369999999999
 1635.3012799999999 -1.20485e-05 -4.42047e-05 -8.1362300000000005e-05 -5.2330200000000003e-05 -6.4151600000000004e-05 -5.5691800000000001e-05 -9.5264200000000002e-05 -9.36996e-05 -0.0001145951 -0.0001160475 -0.00016370370000000001 -0.00015487500000000001 -0.00021460819999999999 -0.00019003689999999999
 1633.3727899999999 -1.02663e-05 -3.7102599999999999e-05 -6.5424699999999997e-05 -4.1508499999999997e-05 -5.2452099999999999e-05 -5.1248900000000003e-05 -8.3269099999999999e-05 -8.2571999999999995e-05 -0.0001071664 -0.00010484290000000001 -0.00015231789999999999 -0.00014714050000000001 -0.00020599569999999999 -0.0001817636
 1631.4443000000001 -4.6597999999999998e-06 -2.55402e-05 -4.6207400000000001e-05 -2.6189500000000001e-05 -3.5936799999999998e-05 -4.15746e-05 -7.03366e-05 -7.4210900000000005e-05 -9.2218000000000004e-05 -8.7826199999999996e-05 -0.00013802420000000001 -0.00013723270000000001 -0.0001904377 -0.0001701428
 1629.5158200000001 2.4348e-06 -1.79163e-05 -3.6426e-05 -1.71283e-05 -2.4485300000000001e-05 -3.12776e-05 -6.1580200000000004e-05 -6.6944600000000003e-05 -7.4225699999999996e-05 -7.1030800000000004e-05 -0.00012278819999999999 -0.0001176942 -0.00017097050000000001 -0.0001511816
 1627.5873300000001 6.0425000000000002e-06 -1.6121799999999999e-05 -3.2373199999999997e-05 -1.2755199999999999e-05 -1.8576900000000002e-05 -2.32814e-05 -5.6769099999999998e-05 -5.9871199999999997e-05 -5.8764999999999997e-05 -5.5333600000000002e-05 -0.0001078321 -9.6223699999999998e-05 -0.000151342 -0.0001288753
 1625.6588400000001 5.7620000000000001e-06 -1.6917699999999999e-05 -3.1408500000000003e-05 -1.11394e-05 -1.80369e-05 -2.0400699999999999e-05 -5.2419800000000003e-05 -4.9500899999999999e-05 -4.42692e-05 -4.0178500000000002e-05 -9.1550099999999996e-05 -7.7977800000000004e-05 -0.00013287309999999999 -0.0001099694
 1623.73035 4.8972999999999997e-06 -1.5553199999999999e-05 -2.8124799999999999e-05 -7.4231000000000001e-06 -1.7385999999999999e-05 -1.90504e-05 -4.72178e-05 -3.4130600000000001e-05 -2.8755000000000002e-05 -2.77083e-05 -7.2233500000000006e-05 -6.2348799999999995e-05 -0.00011540979999999999 -9.63634e-05
 1621.80186 3.2617999999999998e-06 -1.3087e-05 -1.9816100000000002e-05 -9.8430000000000005e-07 -1.36886e-05 -1.4939e-05 -4.2741499999999997e-05 -2.0987599999999999e-05 -1.5305899999999999e-05 -2.1982000000000001e-05 -5.3621900000000002e-05 -5.0231000000000001e-05 -0.0001011092 -8.5553100000000006e-05
 1619.87337 1.2134000000000001e-06 -1.3421000000000001e-05 -1.7175100000000001e-05 -1.3734000000000001e-06 -1.4516699999999999e-05 -9.0483999999999996e-06 -4.01869e-05 -1.1944600000000001e-05 -3.8319999999999999e-06 -2.0760399999999999e-05 -3.8197800000000002e-05 -3.6360299999999998e-05 -9.0900899999999996e-05 -7.1809499999999997e-05
 1617.94488 -2.3230000000000001e-07 -1.66757e-05 -2.6443000000000001e-05 -1.0557199999999999e-05 -1.9978799999999999e-05 -4.9811999999999998e-06 -4.0556599999999997e-05 -3.9084999999999999e-06 6.1875999999999998e-06 -1.7848600000000001e-05 -2.79355e-05 -1.7655800000000001e-05 -8.2680099999999995e-05 -5.6573799999999997e-05
 1616.01639 -1.7793000000000001e-06 -1.8224699999999998e-05 -3.2736e-05 -1.5132399999999999e-05 -1.9074000000000001e-05 -2.6419000000000001e-06 -4.2699199999999999e-05 -2.6467e-06 8.9954000000000003e-06 -1.20841e-05 -2.5158199999999999e-05 -8.8768999999999997e-06 -7.7737999999999993e-05 -5.4659500000000001e-05
 1614.08791 -1.2441000000000001e-06 -1.36739e-05 -2.53856e-05 -8.7714000000000004e-06 -1.08595e-05 2.0636999999999998e-06 -4.1582599999999997e-05 -7.4201000000000003e-06 7.3104999999999997e-06 -5.4410000000000001e-06 -2.1520499999999998e-05 -1.6348700000000002e-05 -7.7464800000000004e-05 -6.8344999999999997e-05
 1612.15942 3.8399999999999997e-06 -5.8311e-06 -1.48607e-05 -1.189e-06 -4.5143000000000001e-06 9.9390999999999994e-06 -3.6716199999999999e-05 -7.041e-06 1.23049e-05 4.6919999999999999e-07 -1.11973e-05 -2.5347800000000001e-05 -7.7966600000000007e-05 -8.1237900000000004e-05
 1610.2309299999999 1.0409599999999999e-05 -6.6440000000000005e-07 -9.5102999999999994e-06 1.7457000000000001e-06 -1.6462e-06 1.6373799999999999e-05 -3.5227800000000002e-05 -1.2661e-06 2.22211e-05 4.9162999999999998e-06 -1.9074000000000002e-06 -2.6428299999999999e-05 -7.7423500000000002e-05 -8.8220700000000001e-05
 1608.3024399999999 1.3872299999999999e-05 1.1952e-06 -5.8509000000000002e-06 3.6131000000000002e-06 4.4639999999999997e-07 1.73402e-05 -3.9172199999999997e-05 1.0685e-06 2.66436e-05 7.0955000000000001e-06 -2.9620000000000002e-07 -2.5907000000000001e-05 -8.03804e-05 -9.54242e-05
 1606.3739499999999 1.23396e-05 3.8766999999999997e-06 -3.4091999999999999e-06 4.6179000000000003e-06 -7.2640000000000005e-07 1.32167e-05 -4.37379e-05 -2.9857999999999999e-06 2.4164200000000002e-05 3.7919000000000001e-06 -4.6044000000000003e-06 -3.2725799999999998e-05 -8.9803199999999994e-05 -0.0001050137
 1604.4454599999999 9.7388999999999992e-06 7.2257000000000001e-06 -5.4689000000000003e-06 1.6214000000000001e-06 -6.8086999999999997e-06 6.5776999999999997e-06 -4.6023799999999998e-05 -9.5327999999999996e-06 1.7456400000000001e-05 -3.3081999999999999e-06 -1.08149e-05 -4.6728499999999998e-05 -0.00010362899999999999 -0.0001189121
 1602.5169699999999 1.0778899999999999e-05 8.2199000000000007e-06 -9.5116000000000005e-06 -3.2019000000000002e-06 -1.4370599999999999e-05 -1.9651e-06 -4.71899e-05 -1.4086299999999999e-05 6.8739999999999997e-06 -8.7051000000000007e-06 -1.93365e-05 -6.26137e-05 -0.00011963159999999999 -0.00013791270000000001
 1600.5884799999999 1.26519e-05 5.4299000000000003e-06 -1.0509999999999999e-05 -7.8823000000000007e-06 -2.1812200000000001e-05 -1.1441600000000001e-05 -5.1307899999999997e-05 -1.84527e-05 -4.7273999999999998e-06 -1.4865799999999999e-05 -3.3327600000000003e-05 -7.8465499999999996e-05 -0.00013753530000000001 -0.00016052880000000001
 1598.6600000000001 1.26565e-05 2.132e-07 -7.3355000000000003e-06 -1.2860000000000001e-05 -2.8433799999999999e-05 -1.6030100000000001e-05 -5.8884300000000001e-05 -2.5821800000000001e-05 -1.14851e-05 -2.2976199999999999e-05 -4.7587799999999999e-05 -9.2483000000000002e-05 -0.0001535241 -0.00018497620000000001
 1596.7315100000001 1.30352e-05 -2.6589999999999999e-06 -5.0158999999999997e-06 -1.82639e-05 -3.4003700000000001e-05 -1.4971500000000001e-05 -6.8236400000000003e-05 -3.4732900000000001e-05 -1.34447e-05 -2.9131700000000001e-05 -5.7319699999999999e-05 -0.0001040867 -0.00016827509999999999 -0.00020972269999999999
 1594.8030200000001 1.1658799999999999e-05 -1.1938999999999999e-06 -8.9348999999999998e-06 -2.6494300000000001e-05 -4.2975600000000002e-05 -1.75317e-05 -8.1150799999999996e-05 -4.4313900000000003e-05 -1.8030399999999999e-05 -3.74242e-05 -6.7838300000000004e-05 -0.00011828379999999999 -0.00019067650000000001 -0.00023717949999999999
 1592.87453 4.4181000000000001e-06 -2.1895e-06 -1.73742e-05 -3.7821100000000003e-05 -5.3960399999999999e-05 -2.7835799999999999e-05 -9.5481600000000004e-05 -5.5735200000000001e-05 -2.7812799999999999e-05 -5.11206e-05 -8.1753899999999997e-05 -0.0001378444 -0.00021936819999999999 -0.00026776030000000002
 1590.94604 -3.2445e-06 -7.5198000000000004e-06 -2.29242e-05 -4.6421500000000003e-05 -5.9766499999999998e-05 -4.1274399999999999e-05 -0.0001065173 -6.5994999999999994e-05 -3.6903599999999997e-05 -6.4373400000000003e-05 -9.3992299999999998e-05 -0.00015670319999999999 -0.00024188930000000001 -0.00029472439999999998
 1589.01755 -5.0594000000000002e-06 -8.4252000000000002e-06 -2.22088e-05 -4.55428e-05 -6.0568700000000002e-05 -5.2703700000000002e-05 -0.0001123419 -7.1870400000000002e-05 -4.2856099999999998e-05 -7.0469000000000006e-05 -0.0001013317 -0.00016958669999999999 -0.00025531220000000001 -0.00031324400000000001
 1587.08906 -5.2565999999999998e-06 -6.5552999999999997e-06 -2.3368799999999999e-05 -4.2426199999999997e-05 -6.59759e-05 -6.2218900000000002e-05 -0.0001157505 -7.7278699999999996e-05 -5.0448999999999998e-05 -7.5943899999999996e-05 -0.0001103727 -0.0001837578 -0.00027015760000000002 -0.00032978869999999999
 1585.16057 -8.4507000000000003e-06 -1.06431e-05 -3.3073700000000002e-05 -4.8554899999999998e-05 -7.8593700000000006e-05 -7.1008500000000003e-05 -0.0001232231 -8.6627399999999997e-05 -6.1518000000000003e-05 -8.9880400000000001e-05 -0.00012884560000000001 -0.0002044383 -0.00028977229999999998 -0.00034982980000000002
 1583.23209 -1.3192e-05 -1.6812300000000002e-05 -4.3244100000000002e-05 -5.8776700000000003e-05 -8.8457700000000005e-05 -7.6486300000000007e-05 -0.0001335207 -9.7740399999999997e-05 -7.1045599999999996e-05 -0.0001066626 -0.00014863969999999999 -0.00022359579999999999 -0.00030605109999999998 -0.00036864459999999999
 1581.3036 -1.7884799999999999e-05 -1.90843e-05 -4.7607200000000001e-05 -6.4795099999999999e-05 -9.1175700000000002e-05 -7.8280299999999997e-05 -0.0001407953 -0.0001060254 -7.4832000000000005e-05 -0.0001169466 -0.00015707310000000001 -0.0002353759 -0.00031521300000000001 -0.00038116289999999998
 1579.3751099999999 -1.68532e-05 -1.8485999999999999e-05 -5.1246599999999998e-05 -6.9387499999999999e-05 -9.5394800000000004e-05 -8.1648499999999996e-05 -0.0001417217 -0.0001043566 -7.2021399999999995e-05 -0.0001189211 -0.00015386950000000001 -0.00023613710000000001 -0.00031630930000000002 -0.0003828681
 1577.4466199999999 -1.00483e-05 -1.85868e-05 -5.9007600000000001e-05 -7.5478100000000005e-05 -0.00010704759999999999 -8.9872199999999996e-05 -0.00014086740000000001 -9.6281700000000003e-05 -6.9691100000000001e-05 -0.0001182384 -0.00015110009999999999 -0.00022876910000000001 -0.0003131249 -0.0003779214
 1575.5181299999999 -9.4053999999999998e-06 -2.20668e-05 -6.6533399999999996e-05 -7.9794299999999996e-05 -0.0001193614 -9.9912200000000002e-05 -0.00014796930000000001 -9.9213099999999994e-05 -8.0277400000000005e-05 -0.00012452540000000001 -0.0001612676 -0.00023048019999999999 -0.00031689739999999999 -0.00037989710000000001
 1573.5896399999999 -1.5064e-05 -2.5304300000000001e-05 -6.7528799999999996e-05 -7.9888000000000005e-05 -0.00012299349999999999 -0.0001066183 -0.0001611017 -0.00011137630000000001 -9.5116699999999997e-05 -0.0001352569 -0.00017625289999999999 -0.00024131120000000001 -0.00032482829999999998 -0.00038302049999999998
 1571.6611499999999 -1.7597399999999999e-05 -2.7451199999999999e-05 -6.7217099999999997e-05 -8.1839400000000001e-05 -0.00012343679999999999 -0.00011349590000000001 -0.0001682489 -0.0001157874 -9.9338800000000005e-05 -0.00014146840000000001 -0.00017916690000000001 -0.00024255730000000001 -0.00032309649999999999 -0.00037277790000000001
 1569.7326599999999 -1.8970400000000001e-05 -3.2883799999999998e-05 -7.1693999999999995e-05 -8.7434899999999999e-05 -0.0001278652 -0.00012151870000000001 -0.0001677022 -0.0001149492 -9.91725e-05 -0.00014256490000000001 -0.000173771 -0.00023647720000000001 -0.0003127351 -0.00035521620000000001
 1567.8041800000001 -2.1339600000000001e-05 -3.5451299999999997e-05 -7.4658200000000003e-05 -8.9704300000000001e-05 -0.0001298614 -0.0001233444 -0.00016642720000000001 -0.0001159421 -9.8969700000000002e-05 -0.0001398921 -0.0001693849 -0.00023267749999999999 -0.00029678700000000002 -0.00033344679999999999
 1565.8756900000001 -2.3852299999999999e-05 -3.2168000000000001e-05 -7.1965799999999995e-05 -9.0682500000000005e-05 -0.00012761240000000001 -0.0001211286 -0.00016933289999999999 -0.00011541500000000001 -9.5184499999999996e-05 -0.0001338295 -0.0001636358 -0.00022502700000000001 -0.0002749656 -0.00029901420000000002
 1563.9472000000001 -2.51727e-05 -3.2982599999999998e-05 -7.2057800000000007e-05 -9.5910599999999996e-05 -0.00013017470000000001 -0.00012178199999999999 -0.00017343689999999999 -0.0001102557 -8.8577600000000004e-05 -0.0001258485 -0.00015226479999999999 -0.0002048311 -0.00024759610000000003 -0.00024932619999999998
 1562.0187100000001 -1.8953e-05 -3.7389699999999999e-05 -8.2316000000000003e-05 -0.00010477200000000001 -0.00014110420000000001 -0.0001217331 -0.00016746959999999999 -9.2422299999999998e-05 -7.2604700000000006e-05 -0.0001128987 -0.00012927039999999999 -0.0001655734 -0.00020312959999999999 -0.00017891970000000001
 1560.09022 -7.7649999999999993e-06 -3.7381900000000002e-05 -9.6176199999999996e-05 -0.00011476719999999999 -0.00015231690000000001 -0.0001175524 -0.00015148350000000001 -6.2121900000000006e-05 -4.6953999999999998e-05 -9.2959099999999996e-05 -9.4573899999999999e-05 -0.00011332580000000001 -0.00014082520000000001 -9.0022499999999994e-05
 1558.16173 -2.0203e-06 -3.2853900000000001e-05 -9.7751999999999995e-05 -0.0001156023 -0.000150598 -0.0001128862 -0.00013989370000000001 -4.0542099999999999e-05 -2.74701e-05 -6.9679100000000002e-05 -6.1235000000000006e-05 -7.1966300000000002e-05 -8.0365100000000001e-05 -5.8240999999999999e-06
 1556.23324 -4.0669e-06 -3.07644e-05 -8.7536599999999998e-05 -0.000104999 -0.00013976740000000001 -0.0001119196 -0.0001383508 -3.5739099999999998e-05 -1.8594399999999999e-05 -4.8406199999999997e-05 -3.7882600000000002e-05 -4.6082699999999998e-05 -2.6678399999999999e-05 6.5434199999999998e-05
 1554.30475 -1.11492e-05 -3.5716700000000003e-05 -7.9900200000000005e-05 -9.5585200000000001e-05 -0.0001330809 -0.0001130592 -0.0001416419 -3.3703199999999999e-05 -8.3999000000000007e-06 -2.9629599999999998e-05 -1.7073300000000001e-05 -1.8711599999999999e-05 2.7484800000000002e-05 0.00013763069999999999
 1552.37627 -2.0522599999999999e-05 -4.0872499999999999e-05 -7.7029100000000004e-05 -9.0852000000000004e-05 -0.0001307138 -0.0001106009 -0.0001446567 -2.61538e-05 8.9639000000000007e-06 -8.1867999999999993e-06 9.9395000000000003e-06 1.3965700000000001e-05 8.0275600000000001e-05 0.00021062340000000001
 1550.44778 -2.6250000000000001e-05 -3.9993600000000003e-05 -7.3887700000000001e-05 -8.5179900000000001e-05 -0.000128186 -0.0001045727 -0.0001409564 -1.34129e-05 2.80219e-05 1.59557e-05 4.0825499999999997e-05 4.7342899999999997e-05 0.00012860209999999999 0.00027165639999999998
 1548.51929 -2.5352799999999999e-05 -3.9029999999999997e-05 -7.1809800000000005e-05 -7.8667599999999999e-05 -0.000123127 -0.0001000547 -0.0001299672 1.0134999999999999e-06 4.3989300000000002e-05 3.5717099999999997e-05 6.6835900000000002e-05 7.6028700000000006e-05 0.00016557820000000001 0.00031240970000000001
 1546.5907999999999 -2.36166e-05 -4.0946299999999998e-05 -7.4294200000000004e-05 -7.5776299999999995e-05 -0.0001170475 -9.7493900000000005e-05 -0.0001200288 1.4116399999999999e-05 5.88249e-05 4.79314e-05 8.4449899999999999e-05 9.3771999999999996e-05 0.00018350570000000001 0.00033136199999999998
 1544.6623099999999 -2.3399400000000002e-05 -4.1022000000000001e-05 -8.1100700000000001e-05 -7.9121099999999997e-05 -0.0001158999 -9.3848499999999994e-05 -0.0001141259 2.79911e-05 7.41438e-05 5.6267799999999997e-05 9.5869800000000002e-05 0.0001049362 0.00018761489999999999 0.00033330430000000003
 1542.7338199999999 -1.9364500000000001e-05 -3.7750499999999997e-05 -8.9990500000000005e-05 -8.7391200000000004e-05 -0.00012329490000000001 -8.8635999999999996e-05 -0.0001082126 4.3788100000000002e-05 8.5658899999999994e-05 6.0365400000000003e-05 0.0001009523 0.0001166806 0.00018655789999999999 0.00032507329999999999
 1540.8053299999999 -1.39675e-05 -3.3342200000000001e-05 -9.5250500000000006e-05 -9.2602000000000005e-05 -0.00013289819999999999 -8.3375999999999996e-05 -0.0001021632 5.4835900000000001e-05 8.7776199999999995e-05 5.8804600000000003e-05 9.6740100000000006e-05 0.0001216705 0.00017923670000000001 0.00030628410000000002
 1538.8768399999999 -1.41084e-05 -2.69728e-05 -8.6454700000000004e-05 -8.2655200000000001e-05 -0.00012789649999999999 -7.9134800000000007e-05 -9.9966399999999999e-05 5.2464599999999999e-05 7.7990600000000005e-05 5.45943e-05 8.3423400000000005e-05 0.0001075737 0.00016008320000000001 0.00027095629999999998
 1536.9483600000001 -1.66739e-05 -2.12556e-05 -6.9928500000000006e-05 -6.3071799999999995e-05 -0.0001104219 -7.6614100000000002e-05 -0.00010314060000000001 3.9411600000000001e-05 6.1932400000000004e-05 4.7482399999999998e-05 6.6833400000000003e-05 8.1357699999999995e-05 0.00013282889999999999 0.0002274605
 1535.0198700000001 -1.5959000000000001e-05 -2.1518e-05 -6.3622399999999996e-05 -5.4079700000000003e-05 -0.0001030634 -7.6785299999999998e-05 -0.0001092601 2.5412300000000001e-05 4.73352e-05 3.6143699999999998e-05 5.2556899999999998e-05 5.9396399999999999e-05 0.0001073048 0.00019011500000000001
 1533.0913800000001 -1.47573e-05 -2.4190699999999999e-05 -6.3643200000000001e-05 -5.4766199999999998e-05 -0.00010370689999999999 -7.7881399999999996e-05 -0.00011076100000000001 1.4608599999999999e-05 3.5198299999999998e-05 2.60643e-05 4.04312e-05 4.1524099999999998e-05 8.61964e-05 0.00015715139999999999
 1531.1628900000001 -1.37249e-05 -2.4109099999999999e-05 -5.67854e-05 -5.3109699999999997e-05 -9.6518299999999994e-05 -7.7372800000000006e-05 -0.0001047758 8.4789999999999996e-06 2.7100499999999999e-05 2.1788900000000001e-05 2.96119e-05 2.4224400000000001e-05 6.7232100000000003e-05 0.00012519850000000001
 1529.2344000000001 -1.22425e-05 -2.4273e-05 -5.0754899999999997e-05 -5.3517699999999998e-05 -9.0103200000000002e-05 -7.6135000000000002e-05 -0.0001010773 4.8024e-06 2.32609e-05 1.7375199999999999e-05 2.0551799999999999e-05 1.2659399999999999e-05 4.9701299999999998e-05 9.90336e-05
 1527.30591 -1.4035200000000001e-05 -2.56437e-05 -5.3947799999999999e-05 -5.8019700000000003e-05 -9.3739999999999994e-05 -7.4364799999999997e-05 -0.00010449129999999999 6.9960000000000004e-07 1.9464199999999999e-05 8.3381000000000007e-06 1.2552699999999999e-05 7.7778000000000003e-06 3.5865199999999997e-05 8.0530699999999998e-05
 1525.37742 -1.70308e-05 -2.7359500000000001e-05 -5.9913200000000001e-05 -5.9700200000000001e-05 -9.8916499999999994e-05 -7.1328999999999994e-05 -0.0001081961 -6.1640000000000004e-07 1.4406099999999999e-05 -2.6000000000000001e-09 5.2770999999999998e-06 5.2206999999999998e-06 2.7022700000000001e-05 6.8974500000000002e-05
 1523.44893 -1.6595600000000001e-05 -3.26155e-05 -6.64488e-05 -6.1263100000000006e-05 -0.0001020872 -7.0034699999999995e-05 -0.0001070553 2.3089e-06 6.9681999999999996e-06 -3.6696e-06 3.911e-07 3.8637e-06 1.9870399999999999e-05 6.2210800000000004e-05
 1521.52045 -1.41947e-05 -3.7395899999999999e-05 -7.1031999999999993e-05 -6.3357599999999998e-05 -0.00010209230000000001 -6.8453699999999998e-05 -0.00010160100000000001 3.0581999999999998e-06 -7.0510000000000003e-07 -2.9554999999999999e-06 5.6300000000000001e-08 2.6087000000000001e-06 1.3326700000000001e-05 5.42111e-05
 1519.59196 -1.39413e-05 -3.3907700000000001e-05 -6.6696699999999995e-05 -6.0529399999999997e-05 -9.46266e-05 -6.2137400000000006e-05 -9.7683999999999995e-05 -8.2399999999999997e-08 -3.9434999999999996e-06 -2.265e-07 1.3004000000000001e-06 -2.181e-07 7.5198999999999998e-06 4.0793800000000002e-05
 1517.66347 -1.5639899999999999e-05 -2.6878099999999999e-05 -5.9926999999999997e-05 -5.5287300000000002e-05 -8.4436600000000004e-05 -5.2630699999999997e-05 -9.8486799999999994e-05 -1.0063e-06 -4.7903999999999999e-06 -8.061e-07 -6.1200000000000005e-08 -3.0900000000000001e-06 -4.4869999999999999e-07 2.5400599999999999e-05
 1515.73498 -1.66988e-05 -2.0743499999999999e-05 -5.3595299999999998e-05 -4.7846400000000003e-05 -7.4991400000000002e-05 -4.0884599999999998e-05 -9.5050799999999995e-05 1.2717e-06 -5.1327e-06 -1.4647999999999999e-06 -1.6021000000000001e-06 -4.8563999999999998e-06 -7.0462000000000004e-06 1.1153599999999999e-05
 1513.8064899999999 -1.59509e-05 -1.26967e-05 -4.1131100000000003e-05 -3.7255600000000003e-05 -6.3026800000000004e-05 -2.68767e-05 -8.2288799999999997e-05 4.8403000000000001e-06 -2.1629000000000001e-06 5.1482000000000001e-06 2.4211999999999998e-06 -2.9712999999999998e-06 -5.9138e-06 -5.2600000000000001e-08
 1511.8779999999999 -1.36029e-05 -5.6505000000000004e-06 -2.7776600000000001e-05 -3.1409599999999998e-05 -5.0905900000000003e-05 -1.56651e-05 -6.9151699999999997e-05 1.03349e-05 2.8449000000000001e-06 1.45836e-05 1.1837900000000001e-05 4.0853999999999999e-06 2.36e-08 -3.7231e-06
 1509.9495099999999 -7.6976999999999992e-06 -5.0810000000000001e-06 -2.4759100000000002e-05 -3.66795e-05 -4.7486800000000001e-05 -8.9608000000000007e-06 -6.1857499999999995e-05 1.8174700000000001e-05 8.4203999999999999e-06 1.9295200000000001e-05 2.4216600000000001e-05 1.50586e-05 5.4841999999999999e-06 3.5961000000000002e-06
 1508.0210199999999 5.3450000000000003e-07 -1.0280499999999999e-05 -3.4164300000000001e-05 -5.0275200000000003e-05 -5.5711599999999997e-05 -3.5416999999999999e-06 -5.7369900000000001e-05 2.63177e-05 1.1042299999999999e-05 1.8509099999999999e-05 3.5280200000000001e-05 2.8787599999999999e-05 8.4681999999999997e-06 1.65691e-05
 1506.0925400000001 1.1919e-06 -1.40921e-05 -4.1636900000000001e-05 -5.8726700000000001e-05 -6.0621300000000002e-05 -1.3535e-06 -5.6725099999999997e-05 2.61211e-05 3.6370999999999999e-06 1.4003e-05 3.5536400000000001e-05 3.4026799999999998e-05 6.0147000000000002e-06 2.0378300000000001e-05
 1504.1640500000001 -6.7399999999999998e-06 -1.19784e-05 -3.42661e-05 -5.1722999999999999e-05 -5.2842400000000001e-05 -3.4137e-06 -6.2068099999999996e-05 1.6506899999999999e-05 -7.0578999999999998e-06 1.07637e-05 2.63173e-05 2.4438099999999999e-05 -1.635e-06 1.0734899999999999e-05
 1502.2355600000001 -1.07902e-05 -7.6516999999999999e-06 -2.1976200000000001e-05 -3.7047e-05 -4.2416799999999997e-05 -3.3270000000000001e-06 -6.3813700000000002e-05 9.6964999999999994e-06 -7.8096000000000006e-06 1.4112e-05 2.2816999999999999e-05 1.9088699999999999e-05 -6.0484999999999998e-06 3.5456e-06
 1500.3070700000001 -6.1338999999999998e-06 -4.2961999999999996e-06 -1.81808e-05 -2.9555400000000002e-05 -3.8318000000000001e-05 1.1481000000000001e-06 -5.5726000000000001e-05 1.17326e-05 -3.2679999999999999e-07 2.0918199999999999e-05 2.8531299999999999e-05 2.94281e-05 -1.1403999999999999e-06 7.4885999999999998e-06
 1498.3785800000001 -1.0042000000000001e-06 -7.0760000000000001e-07 -1.9551999999999998e-05 -3.0581299999999998e-05 -3.9248600000000002e-05 6.1686999999999999e-06 -4.5219999999999997e-05 1.9488999999999999e-05 6.9771999999999999e-06 2.47599e-05 3.2323600000000003e-05 4.4577099999999997e-05 8.6024999999999994e-06 1.3418799999999999e-05
 1496.45009 -9.7500000000000006e-08 5.6358000000000003e-06 -1.57576e-05 -2.6234300000000001e-05 -3.5398899999999997e-05 1.1327e-05 -3.6825100000000001e-05 3.0357000000000001e-05 1.2614499999999999e-05 3.05111e-05 3.4532700000000002e-05 5.5566299999999997e-05 1.67082e-05 1.5802299999999999e-05
 1494.5216 -5.7179999999999997e-07 1.1974600000000001e-05 -6.6946000000000002e-06 -1.2905600000000001e-05 -2.3235e-05 1.8079599999999999e-05 -2.6098800000000002e-05 4.0235699999999998e-05 1.8680200000000001e-05 4.5252400000000001e-05 4.43437e-05 5.9714199999999998e-05 2.33104e-05 1.76505e-05
 1492.59311 3.5495999999999999e-06 1.5365700000000001e-05 2.81e-08 -1.9344000000000001e-06 -1.0968899999999999e-05 2.6270200000000001e-05 -8.8197999999999998e-06 5.0883100000000001e-05 3.1245099999999997e-05 6.4581599999999998e-05 6.0672099999999998e-05 6.56332e-05 3.4799399999999998e-05 2.50598e-05
 1490.66463 1.10432e-05 1.8733199999999999e-05 4.3932999999999999e-06 4.1374000000000004e-06 -2.0066e-06 3.3984299999999999e-05 7.9489999999999996e-06 6.4155300000000006e-05 4.9907500000000003e-05 8.0219100000000006e-05 7.6742000000000005e-05 8.1069599999999994e-05 5.0610299999999999e-05 4.04498e-05
 1488.73614 1.68287e-05 2.5602500000000001e-05 1.4083999999999999e-05 1.27115e-05 8.6363999999999992e-06 4.2585400000000001e-05 1.7703500000000001e-05 7.5583300000000005e-05 6.3404099999999998e-05 9.0806700000000006e-05 9.1206300000000001e-05 9.4760999999999996e-05 6.2708900000000005e-05 5.6381800000000003e-05
 1486.80765 2.05602e-05 3.4879499999999997e-05 2.9064099999999998e-05 2.4237399999999999e-05 2.1593000000000001e-05 5.2066099999999999e-05 2.3598899999999999e-05 8.2612499999999996e-05 6.4678199999999993e-05 9.7903600000000002e-05 0.0001036479 9.9406600000000005e-05 6.8562899999999994e-05 6.4017700000000002e-05
 1484.87916 2.0188400000000001e-05 3.8621899999999997e-05 3.7679499999999997e-05 2.8989700000000001e-05 2.9359199999999998e-05 5.5796099999999999e-05 2.5848200000000001e-05 8.3349200000000005e-05 5.8003700000000002e-05 9.9370599999999994e-05 0.00010956180000000001 0.0001021187 6.9763400000000004e-05 6.3933600000000001e-05
 1482.9506699999999 1.2747e-05 3.4950999999999998e-05 3.3779799999999998e-05 2.8394999999999998e-05 3.0077500000000001e-05 5.46775e-05 2.5771499999999999e-05 8.2764100000000003e-05 5.2748599999999998e-05 9.9930299999999994e-05 0.00011153169999999999 0.00010690730000000001 7.5354399999999998e-05 6.7231599999999995e-05
 1481.0221799999999 4.5175999999999997e-06 3.2626599999999997e-05 2.84592e-05 3.4388599999999998e-05 3.2685499999999997e-05 5.9240999999999997e-05 3.0971199999999999e-05 9.1233300000000006e-05 5.8425099999999997e-05 0.0001116033 0.000117778 0.0001122075 9.3601699999999995e-05 8.3287200000000004e-05
 1479.0936899999999 5.9546999999999999e-06 3.2750799999999998e-05 3.0468899999999999e-05 4.4070199999999997e-05 3.8713400000000001e-05 7.0049500000000001e-05 4.20569e-05 0.0001049201 7.3688099999999997e-05 0.00013008550000000001 0.0001276773 0.0001205348 0.0001153262 0.0001050062
 1477.1651999999999 2.0122299999999999e-05 3.4748600000000001e-05 3.7516199999999998e-05 4.8308199999999999e-05 4.5627000000000002e-05 8.1672899999999995e-05 5.4773199999999999e-05 0.0001166864 8.9965700000000005e-05 0.00014476119999999999 0.00014239090000000001 0.00013926079999999999 0.00013309610000000001 0.00012412830000000001
 1475.2367200000001 3.6299800000000001e-05 4.24644e-05 4.9646199999999999e-05 5.1977400000000001e-05 5.9969400000000002e-05 9.9410199999999999e-05 7.1670900000000005e-05 0.00013370839999999999 0.00010860380000000001 0.00015920969999999999 0.0001657897 0.0001708941 0.00015593660000000001 0.0001485859
 1473.3082300000001 4.0221900000000002e-05 4.9305000000000003e-05 6.04194e-05 5.9936899999999999e-05 8.1957099999999995e-05 0.00012415120000000001 9.3769499999999997e-05 0.00015742760000000001 0.00013088520000000001 0.00017659690000000001 0.00019076569999999999 0.00020505710000000001 0.0001844227 0.00018058390000000001
 1471.3797400000001 3.3757500000000003e-05 5.1085999999999998e-05 6.3310400000000003e-05 7.0376099999999999e-05 0.0001011654 0.0001441475 0.0001147532 0.00017520409999999999 0.0001484658 0.0001971663 0.00021325550000000001 0.00022983939999999999 0.0002061574 0.0002082195
 1469.4512500000001 3.1913599999999999e-05 5.5905900000000003e-05 7.2378800000000006e-05 8.4989199999999996e-05 0.0001174483 0.0001585546 0.00013319800000000001 0.0001894589 0.00016467629999999999 0.00022772269999999999 0.0002401235 0.00025373639999999999 0.0002253964 0.0002337978
 1467.5227600000001 4.0552400000000002e-05 6.7887700000000004e-05 9.3734100000000001e-05 0.0001028627 0.00013649659999999999 0.00017611999999999999 0.0001549446 0.0002169599 0.00018954700000000001 0.00026291839999999998 0.0002740326 0.00028730500000000001 0.00025737919999999998 0.00026985250000000001
 1465.5942700000001 5.3335499999999998e-05 8.3129500000000004e-05 0.0001135559 0.0001177293 0.00015781040000000001 0.00019343750000000001 0.00017658300000000001 0.00025130269999999998 0.0002188991 0.00028893050000000002 0.00030479770000000001 0.0003151316 0.00029575780000000001 0.00031219510000000001
 1463.66578 5.92854e-05 8.9884100000000002e-05 0.00012281980000000001 0.00012715790000000001 0.00017523779999999999 0.00020170370000000001 0.00018847159999999999 0.00026740249999999998 0.0002408868 0.00030269759999999998 0.00031973020000000002 0.00032491829999999999 0.00032225450000000002 0.00034744160000000002
 1461.73729 5.3573199999999997e-05 8.1484799999999996e-05 0.0001212642 0.00013349250000000001 0.00018259799999999999 0.00020421990000000001 0.0001978277 0.000264071 0.00025138899999999997 0.00031001500000000002 0.00032540139999999998 0.00033205259999999999 0.00033826670000000001 0.0003727879
 1459.80881 4.8881500000000003e-05 7.1347500000000001e-05 0.0001144651 0.00013896770000000001 0.0001810189 0.00021059510000000001 0.00021441550000000001 0.00026439870000000002 0.0002579627 0.000317103 0.00033644259999999999 0.00035259890000000001 0.00036067 0.0003975971
 1457.88032 5.6076999999999999e-05 7.1530400000000002e-05 0.0001085524 0.00014602770000000001 0.0001803819 0.00022328039999999999 0.00023206830000000001 0.00027714420000000002 0.00026965989999999998 0.00032247569999999999 0.00035272610000000002 0.00037926920000000002 0.00039032120000000002 0.00042334589999999997
 1455.95183 7.09143e-05 8.3843200000000004e-05 0.0001159307 0.00016064780000000001 0.00019806239999999999 0.00023964409999999999 0.0002481793 0.00028944799999999998 0.00028379590000000002 0.00032775559999999998 0.00037092610000000003 0.0003986668 0.00041458610000000003 0.00044096400000000002
 1454.02334 8.6252200000000001e-05 0.0001046745 0.00013756179999999999 0.00018182070000000001 0.00023327649999999999 0.00025574279999999999 0.00026570400000000002 0.00029209489999999999 0.00029322920000000001 0.00033914500000000001 0.00039164780000000001 0.00041180269999999998 0.0004313257 0.0004565169
 1452.09485 9.2382500000000005e-05 0.0001209301 0.00015077889999999999 0.0001983996 0.0002563609 0.00026513410000000002 0.00028035659999999998 0.0002915924 0.00029573549999999999 0.00034871810000000001 0.00040940459999999997 0.00042597570000000001 0.00044186540000000003 0.00047980210000000002
 1450.1663599999999 8.7226999999999997e-05 0.0001263181 0.00015046800000000001 0.00020821009999999999 0.00026013289999999998 0.00026715860000000002 0.00029129630000000002 0.0002981708 0.00029570410000000002 0.00035630420000000001 0.00042209110000000002 0.00044223400000000001 0.00044744879999999998 0.00050166610000000004
 1448.2378699999999 8.1486800000000001e-05 0.00012398140000000001 0.0001507631 0.0002121297 0.00026116209999999998 0.00026638129999999999 0.00029619290000000001 0.00030654549999999998 0.00029527740000000001 0.00036585300000000002 0.00042868460000000002 0.00045012749999999999 0.0004520188 0.0005109712
 1446.3093799999999 7.9876099999999999e-05 0.0001156865 0.00015801190000000001 0.0002109646 0.00026044890000000002 0.00026483959999999999 0.000291611 0.00030757970000000001 0.00029325750000000001 0.00036929859999999999 0.00042658369999999999 0.00044241860000000002 0.00045506769999999999 0.00051293379999999998
 1444.3809000000001 7.8137600000000002e-05 0.0001080826 0.00016258519999999999 0.0002123894 0.00025759840000000002 0.0002619152 0.00028464970000000001 0.00030088549999999998 0.00028814280000000002 0.00036652910000000002 0.00042206999999999998 0.00043063109999999998 0.00045484920000000002 0.00051644530000000003
 1442.4524100000001 6.9238899999999999e-05 0.0001039005 0.000151163 0.00021207640000000001 0.00025263389999999997 0.00025138679999999998 0.00027464429999999999 0.00028851080000000002 0.00027979539999999997 0.00035911070000000002 0.0004138527 0.00042463320000000001 0.00045037670000000002 0.00051549549999999999
 1440.5239200000001 5.4689699999999999e-05 9.6690500000000005e-05 0.00013279599999999999 0.00020265020000000001 0.00023451740000000001 0.0002340439 0.00025540280000000001 0.000272868 0.00027282009999999999 0.00034720189999999998 0.00039584700000000001 0.00042105909999999997 0.0004435021 0.00050493999999999995
 1438.5954300000001 4.9043299999999998e-05 8.6776399999999998e-05 0.00012425390000000001 0.00019092990000000001 0.000205315 0.0002201982 0.0002356735 0.0002552322 0.00026778579999999999 0.00033546759999999998 0.00037803210000000002 0.00041789259999999999 0.00043711830000000001 0.00049391280000000005
 1436.6669400000001 5.2318599999999997e-05 7.9993800000000007e-05 0.0001260263 0.0001824528 0.00018681749999999999 0.0002122595 0.00022371650000000001 0.00023469699999999999 0.00025512860000000002 0.00032118579999999998 0.0003627689 0.00041041450000000001 0.00042310250000000002 0.00048151230000000001
 1434.7384500000001 4.9764700000000001e-05 7.3225699999999999e-05 0.00012615489999999999 0.0001741848 0.00018402260000000001 0.0002024266 0.00021193089999999999 0.00021279909999999999 0.00023220639999999999 0.00030267929999999997 0.00034137950000000001 0.00038577369999999998 0.00039641079999999998 0.00045713090000000002
 1432.80996 4.02212e-05 6.4589299999999995e-05 0.0001171228 0.00016177100000000001 0.0001769857 0.0001851535 0.000192881 0.00019252270000000001 0.0002084043 0.000279024 0.00031496669999999999 0.0003417308 0.00036311269999999998 0.00042099789999999998
 1430.88147 3.08788e-05 6.2800300000000002e-05 0.0001069904 0.00014705370000000001 0.00016013090000000001 0.00016787200000000001 0.00017274829999999999 0.0001748179 0.00018879960000000001 0.00024998130000000003 0.00028718150000000002 0.00029689890000000001 0.00032870309999999999 0.0003797405
 1428.95299 2.5745000000000002e-05 6.9389199999999996e-05 0.0001036588 0.0001360027 0.00014711220000000001 0.0001584658 0.00015976989999999999 0.00015762290000000001 0.0001733827 0.0002231686 0.00025995759999999999 0.00026856610000000001 0.00029760600000000001 0.00033964619999999999
 1427.0245 2.6690200000000001e-05 7.2155000000000003e-05 0.0001018921 0.00012671890000000001 0.0001396534 0.00014763450000000001 0.00015100700000000001 0.00014043820000000001 0.0001589037 0.00020014349999999999 0.00023742530000000001 0.00024997829999999998 0.00026558289999999997 0.00029915589999999999
 1425.09601 2.77994e-05 6.4368699999999999e-05 9.0231900000000006e-05 0.00011080420000000001 0.000124344 0.0001225101 0.0001348547 0.0001205561 0.00013519089999999999 0.00017173819999999999 0.00021242139999999999 0.000218815 0.00022065750000000001 0.00025112080000000002
 1423.16752 2.2948399999999999e-05 5.01811e-05 6.6861199999999996e-05 8.5327299999999999e-05 9.6659500000000005e-05 8.8099399999999999e-05 0.00010555350000000001 9.67098e-05 0.00010135829999999999 0.000134807 0.000174222 0.00017158709999999999 0.00016808820000000001 0.00019803790000000001
 1421.23903 1.8747299999999999e-05 3.6921000000000001e-05 4.5092200000000002e-05 5.9870300000000002e-05 7.0943400000000002e-05 6.4223700000000006e-05 7.5432000000000006e-05 7.7129800000000001e-05 7.11925e-05 9.8064899999999997e-05 0.00013241500000000001 0.00013106000000000001 0.00012466690000000001 0.0001502521
 1419.3105399999999 2.3070799999999999e-05 2.6952900000000001e-05 3.54837e-05 4.53758e-05 5.5313299999999998e-05 5.4722100000000002e-05 5.3995400000000001e-05 6.0065600000000003e-05 4.6078300000000002e-05 6.8353099999999994e-05 9.80167e-05 0.00010206249999999999 9.1650799999999993e-05 0.00010634530000000001
 1417.3820499999999 2.80529e-05 1.7646400000000001e-05 3.2489400000000001e-05 3.9084300000000001e-05 4.3690799999999998e-05 4.1957399999999999e-05 3.2328700000000001e-05 3.5161699999999999e-05 1.6608499999999999e-05 4.3597399999999997e-05 6.7120700000000003e-05 6.3985000000000005e-05 5.6338500000000003e-05 5.7746199999999999e-05
 1415.4535599999999 2.1398699999999999e-05 1.3258099999999999e-05 2.74117e-05 3.0305900000000001e-05 3.0624599999999998e-05 2.2508099999999999e-05 7.4981999999999996e-06 8.2806e-06 -1.59833e-05 2.0875900000000001e-05 3.5742299999999998e-05 1.5429699999999999e-05 1.2130199999999999e-05 7.6019e-06
 1413.5250799999999 7.1543999999999996e-06 1.8256600000000001e-05 2.2194699999999999e-05 1.73602e-05 1.4807700000000001e-05 7.4761000000000003e-06 -1.04184e-05 -1.4507399999999999e-05 -4.1921800000000002e-05 -6.2500999999999997e-06 2.6948e-06 -2.8390499999999999e-05 -3.8424899999999999e-05 -4.1639199999999999e-05
 1411.5965900000001 -2.4229000000000001e-06 2.0851699999999999e-05 1.5109299999999999e-05 4.7593999999999997e-06 -3.2182e-06 -5.3043000000000002e-06 -2.4164000000000001e-05 -4.1946999999999997e-05 -5.8845599999999998e-05 -4.2240699999999997e-05 -3.4864999999999999e-05 -6.6891100000000001e-05 -9.4107100000000006e-05 -9.6218599999999994e-05
 1409.6681000000001 -6.7711999999999996e-06 1.3246300000000001e-05 3.0104e-06 -6.1635999999999997e-06 -2.19294e-05 -2.39424e-05 -4.14663e-05 -7.4173399999999997e-05 -7.7615199999999995e-05 -7.8122399999999996e-05 -7.9431900000000001e-05 -0.00010432990000000001 -0.00015236080000000001 -0.00015425190000000001
 1407.7396100000001 -8.9781999999999999e-06 5.6498999999999999e-06 -5.9831999999999997e-06 -1.3234899999999999e-05 -3.5456800000000002e-05 -4.3701300000000001e-05 -5.4753400000000003e-05 -9.6650600000000006e-05 -9.9612700000000003e-05 -0.0001080973 -0.00012372570000000001 -0.00013552489999999999 -0.0002069939 -0.00020968350000000001
 1405.8111200000001 -2.8806e-06 2.9085000000000002e-06 -9.0422999999999998e-06 -1.6095799999999999e-05 -4.00419e-05 -5.6382999999999999e-05 -6.2495400000000005e-05 -0.000103538 -0.0001156751 -0.0001340371 -0.00015773729999999999 -0.0001638427 -0.00025079189999999997 -0.00026328190000000001
 1403.8826300000001 4.6881000000000001e-06 -5.9084e-06 -1.1826300000000001e-05 -2.31717e-05 -4.8232899999999997e-05 -6.8274200000000004e-05 -7.6919e-05 -0.0001080952 -0.0001340495 -0.0001570694 -0.0001855782 -0.0002021537 -0.000284894 -0.0003169577
 1401.9541400000001 1.202e-07 -2.103e-05 -1.48266e-05 -3.91425e-05 -6.5768199999999998e-05 -8.4832699999999998e-05 -9.6643000000000003e-05 -0.0001204511 -0.00015769389999999999 -0.00017660629999999999 -0.00020834919999999999 -0.00023918959999999999 -0.00031428119999999998 -0.0003610191
 1400.02565 -1.06185e-05 -2.88841e-05 -1.9485400000000002e-05 -5.5970500000000002e-05 -7.7090599999999997e-05 -9.5578300000000006e-05 -0.0001080828 -0.00013351199999999999 -0.0001705155 -0.00018507840000000001 -0.000217896 -0.00025316310000000002 -0.00033156059999999999 -0.00038316089999999999
 1398.09717 -1.63032e-05 -2.8493899999999998e-05 -2.7807500000000001e-05 -6.2382299999999994e-05 -7.5823999999999998e-05 -9.7098300000000005e-05 -0.0001066495 -0.00013932110000000001 -0.00016597589999999999 -0.00017822979999999999 -0.00021375149999999999 -0.00024784360000000002 -0.00032872259999999998 -0.00038433219999999999
 1396.16868 -1.7419799999999999e-05 -2.4929499999999999e-05 -3.5005400000000002e-05 -5.6505999999999997e-05 -6.9780600000000001e-05 -9.6804200000000004e-05 -9.6727100000000004e-05 -0.00013636559999999999 -0.00014954200000000001 -0.0001635462 -0.00019897989999999999 -0.0002326134 -0.00031038209999999998 -0.00036773589999999998
 1394.24019 -1.9527399999999999e-05 -1.91168e-05 -3.4892699999999999e-05 -5.0559200000000002e-05 -6.5254399999999996e-05 -9.5481099999999996e-05 -8.5166600000000005e-05 -0.0001264561 -0.00013363669999999999 -0.00015023400000000001 -0.0001799208 -0.0002135188 -0.00028420810000000002 -0.00033538170000000001
 1392.3117 -2.5008199999999999e-05 -1.8037600000000002e-05 -3.1843e-05 -5.4731700000000003e-05 -6.9999999999999994e-05 -9.1591599999999999e-05 -8.0209000000000004e-05 -0.0001172641 -0.0001308573 -0.0001421684 -0.00016903179999999999 -0.0002006023 -0.00025796910000000002 -0.0002983587
 1390.38321 -2.59282e-05 -2.32366e-05 -3.1280299999999999e-05 -5.89669e-05 -7.7781999999999995e-05 -7.9999299999999998e-05 -7.7212299999999999e-05 -0.0001087752 -0.00012964920000000001 -0.00013146450000000001 -0.0001624493 -0.00018317609999999999 -0.0002284939 -0.00026182899999999999
 1388.45472 -1.7481399999999998e-05 -2.6565100000000001e-05 -2.71195e-05 -5.1482600000000001e-05 -7.3326900000000004e-05 -5.9142799999999999e-05 -6.7783399999999999e-05 -9.3383799999999999e-05 -0.00011213729999999999 -0.0001113251 -0.00014402410000000001 -0.00014810760000000001 -0.0001893291 -0.00022210820000000001
 1386.5262299999999 -1.05112e-05 -2.4514800000000001e-05 -2.1886799999999999e-05 -3.9578600000000001e-05 -6.1812300000000004e-05 -4.1881000000000001e-05 -5.9850099999999998e-05 -7.83222e-05 -8.62735e-05 -8.9672499999999999e-05 -0.0001143015 -0.00011267990000000001 -0.00015230239999999999 -0.000184339
 1384.5977399999999 -9.1524000000000007e-06 -1.75299e-05 -2.1920999999999999e-05 -3.2617299999999997e-05 -4.9713999999999999e-05 -3.5150800000000002e-05 -5.4310900000000002e-05 -6.6655600000000006e-05 -6.5733800000000004e-05 -6.9089099999999996e-05 -8.1976299999999996e-05 -8.5633100000000005e-05 -0.00012130210000000001 -0.00014795499999999999
 1382.6692599999999 -6.0023000000000001e-06 -9.6037999999999994e-06 -2.0953300000000001e-05 -2.63544e-05 -3.2657999999999998e-05 -3.0185800000000002e-05 -3.9555499999999998e-05 -4.5897599999999999e-05 -4.96498e-05 -4.4895599999999998e-05 -4.9058799999999999e-05 -5.29998e-05 -8.56801e-05 -0.000101891
 1380.7407700000001 5.8530000000000003e-07 -4.5241999999999998e-06 -1.4354200000000001e-05 -1.4582100000000001e-05 -1.26773e-05 -1.6062999999999999e-05 -1.6667599999999999e-05 -2.0050800000000001e-05 -2.9368799999999999e-05 -1.9868200000000001e-05 -1.8508800000000001e-05 -1.72582e-05 -4.6134799999999997e-05 -5.29689e-05
 1378.8122800000001 9.0506999999999996e-06 6.9800000000000003e-08 -2.8789999999999999e-06 -1.1868e-06 3.3425000000000002e-06 3.2167000000000001e-06 3.9806999999999999e-06 -1.7763e-06 -3.7541000000000002e-06 1.0515e-06 4.7943e-06 7.3705e-06 -8.5601999999999998e-06 -1.8918200000000001e-05
 1376.8837900000001 1.33828e-05 3.7921000000000001e-06 6.6954999999999997e-06 6.2445000000000001e-06 5.7737000000000003e-06 1.0141399999999999e-05 9.6088000000000002e-06 5.9684000000000003e-06 1.1527400000000001e-05 1.2005500000000001e-05 1.6048700000000001e-05 1.7427000000000001e-05 1.7847999999999999e-05 -2.6958999999999999e-06
 1374.9553000000001 5.5477000000000003e-06 2.5100000000000001e-06 6.4983000000000001e-06 5.5976000000000004e-06 -5.4949999999999999e-06 2.2790000000000001e-06 -3.6565000000000001e-06 8.5710000000000002e-07 7.7979000000000003e-06 7.9727000000000008e-06 1.21312e-05 1.6731999999999998e-05 1.97643e-05 3.7898999999999999e-06
 1373.0268100000001 -7.3829000000000001e-06 -2.2521999999999998e-06 1.8879e-06 -1.5900000000000001e-07 -1.80029e-05 -4.2675000000000002e-06 -1.72611e-05 -1.21959e-05 -3.4726999999999998e-06 -3.4608e-06 1.398e-06 1.1132600000000001e-05 4.4793999999999998e-06 8.9853000000000002e-06
 1371.0983200000001 -1.05271e-05 -5.0888000000000003e-06 -8.3379999999999996e-07 -6.1612999999999998e-06 -2.17516e-05 -1.8560999999999999e-06 -1.6299599999999999e-05 -2.0241299999999999e-05 -1.31829e-05 -8.4169999999999992e-06 -3.8048e-06 6.9295000000000003e-06 -6.5792999999999998e-06 1.6891100000000002e-05
 1369.16983 -2.8973000000000002e-06 -9.2273000000000006e-06 -4.3323e-06 -8.8204999999999997e-06 -1.7018299999999999e-05 2.2782000000000001e-06 -1.2217499999999999e-05 -2.1920500000000001e-05 -1.7377800000000002e-05 -4.4258e-06 -3.2725999999999998e-06 5.5064000000000003e-06 -7.1412999999999997e-06 2.22088e-05
 1367.24135 3.7745e-06 -2.0114799999999999e-05 -1.1328099999999999e-05 -9.7036999999999999e-06 -1.4331900000000001e-05 -1.7996000000000001e-06 -1.9114e-05 -2.53936e-05 -1.6623899999999999e-05 -2.6108999999999999e-06 -3.8291000000000003e-06 1.5114e-06 -7.9168000000000002e-06 2.00041e-05
 1365.31286 4.7999000000000004e-06 -2.7361699999999999e-05 -1.7062500000000001e-05 -1.33572e-05 -1.7379699999999999e-05 -1.3979600000000001e-05 -3.3343799999999997e-05 -3.18493e-05 -1.6329900000000001e-05 -7.1215999999999997e-06 -7.4932999999999999e-06 -4.4020000000000004e-06 -1.4134199999999999e-05 1.7441100000000001e-05
 1363.38437 2.7806000000000001e-06 -2.4040400000000001e-05 -1.6919299999999999e-05 -2.19229e-05 -2.17653e-05 -2.3975899999999999e-05 -4.5622499999999999e-05 -3.6987999999999999e-05 -1.6509300000000001e-05 -1.16385e-05 -1.42906e-05 -5.8796999999999998e-06 -2.1302400000000001e-05 1.36469e-05
 1361.45588 -1.7191e-06 -2.22411e-05 -1.7104699999999999e-05 -3.1836399999999999e-05 -3.29558e-05 -2.8452699999999999e-05 -5.3452599999999997e-05 -4.2026400000000001e-05 -1.9227599999999999e-05 -1.8396199999999998e-05 -2.42902e-05 -4.1919999999999998e-06 -2.7265599999999999e-05 -5.8039999999999998e-07
 1359.52739 -1.3026e-05 -3.1616099999999997e-05 -2.63019e-05 -4.1143599999999997e-05 -5.6573799999999997e-05 -4.04589e-05 -6.1985199999999997e-05 -5.3924000000000001e-05 -3.1037300000000002e-05 -3.5173599999999998e-05 -3.8018700000000002e-05 -1.09947e-05 -3.6207400000000002e-05 -2.03838e-05
 1357.5989 -3.0014000000000001e-05 -4.4094799999999997e-05 -4.1777499999999998e-05 -4.9100700000000002e-05 -7.8340300000000006e-05 -6.2070300000000001e-05 -7.3475900000000006e-05 -6.8968900000000003e-05 -4.9775199999999997e-05 -5.5104900000000002e-05 -5.4570700000000003e-05 -2.8507600000000001e-05 -4.7369800000000002e-05 -3.3485300000000003e-05
 1355.6704099999999 -4.19393e-05 -4.8171099999999997e-05 -5.4716100000000003e-05 -5.2107300000000002e-05 -8.5737300000000003e-05 -7.9400900000000001e-05 -8.3366600000000002e-05 -7.6426699999999998e-05 -6.6198799999999994e-05 -6.9051499999999994e-05 -6.65137e-05 -4.4658399999999999e-05 -5.6119399999999997e-05 -3.4323199999999997e-05
 1353.7419199999999 -4.1556500000000001e-05 -4.3394299999999999e-05 -6.1048600000000004e-05 -5.0850599999999997e-05 -8.5286999999999998e-05 -8.6658900000000005e-05 -9.0484399999999997e-05 -7.9935899999999995e-05 -7.4290300000000003e-05 -7.6969800000000003e-05 -6.7934699999999999e-05 -5.4585700000000002e-05 -6.2831999999999997e-05 -3.2758e-05
 1351.8134399999999 -3.2596099999999998e-05 -3.6659699999999997e-05 -6.0055400000000001e-05 -5.3499199999999998e-05 -8.3693699999999995e-05 -8.8950900000000002e-05 -9.7812499999999999e-05 -8.4438999999999996e-05 -7.4706499999999994e-05 -7.6446700000000001e-05 -6.6057599999999996e-05 -6.2703800000000001e-05 -6.9549500000000002e-05 -4.1610100000000003e-05
 1349.8849499999999 -2.3702399999999999e-05 -3.3018300000000002e-05 -5.5444900000000002e-05 -6.6217500000000001e-05 -8.5957699999999999e-05 -9.2003000000000007e-05 -0.00010449789999999999 -8.6657100000000001e-05 -7.4136900000000005e-05 -7.31397e-05 -7.2123e-05 -7.1601100000000001e-05 -8.0008799999999999e-05 -5.5420600000000003e-05
 1347.9564600000001 -2.3775199999999999e-05 -3.1280299999999999e-05 -5.5668999999999998e-05 -8.2190199999999998e-05 -9.5250500000000006e-05 -9.8222500000000004e-05 -0.0001118135 -8.88199e-05 -7.6502100000000001e-05 -8.07727e-05 -8.8138699999999997e-05 -8.2333300000000007e-05 -9.6719700000000002e-05 -6.5078000000000003e-05
 1346.0279700000001 -3.2873400000000003e-05 -2.9638e-05 -6.2527200000000007e-05 -8.9819800000000004e-05 -0.0001028078 -0.000105486 -0.0001229607 -9.4260199999999996e-05 -7.9977199999999997e-05 -9.5181199999999996e-05 -0.0001075803 -9.4627800000000002e-05 -0.0001136165 -7.5138900000000007e-05
 1344.0994800000001 -4.1054199999999997e-05 -3.0725800000000003e-05 -6.8928800000000003e-05 -9.0293199999999998e-05 -0.0001069461 -0.0001115696 -0.00013433489999999999 -9.9418400000000003e-05 -8.5910799999999997e-05 -0.00010821209999999999 -0.00012237979999999999 -0.0001067171 -0.00012755690000000001 -9.1958800000000005e-05
 1342.1709900000001 -4.2822399999999998e-05 -3.7318599999999999e-05 -7.0047899999999997e-05 -9.4632900000000007e-05 -0.00011227810000000001 -0.00011690500000000001 -0.0001413931 -0.00010177090000000001 -9.3995100000000004e-05 -0.00012251929999999999 -0.00012830630000000001 -0.0001175219 -0.00014449600000000001 -0.0001128062
 1340.2425000000001 -4.4412800000000003e-05 -4.8059200000000002e-05 -6.9339599999999996e-05 -0.00010925729999999999 -0.00011788529999999999 -0.00012508340000000001 -0.00014587890000000001 -0.00010436750000000001 -0.0001013332 -0.00013548149999999999 -0.0001338453 -0.00012901260000000001 -0.0001663182 -0.00013180059999999999
 1338.3140100000001 -4.6014799999999999e-05 -5.4432000000000003e-05 -6.9066599999999994e-05 -0.00012620519999999999 -0.0001229049 -0.0001338942 -0.00015117329999999999 -0.0001069681 -0.00010760280000000001 -0.0001423935 -0.00014672869999999999 -0.0001410909 -0.00018254379999999999 -0.0001440186
 1336.38553 -4.1879599999999998e-05 -5.3597999999999997e-05 -7.0166400000000006e-05 -0.00013059899999999999 -0.0001250221 -0.00013798179999999999 -0.00015696429999999999 -0.00010905019999999999 -0.00011368519999999999 -0.00014908470000000001 -0.0001580025 -0.00014870810000000001 -0.0001867925 -0.0001503726
 1334.45704 -3.5636799999999997e-05 -5.1388099999999997e-05 -7.2622300000000004e-05 -0.00012442350000000001 -0.00012257929999999999 -0.00013957349999999999 -0.00016090599999999999 -0.00011363850000000001 -0.0001174724 -0.00015615529999999999 -0.00015731839999999999 -0.00014740970000000001 -0.0001855215 -0.0001573085
 1332.52855 -3.2030599999999998e-05 -4.7432100000000003e-05 -6.9112399999999999e-05 -0.00012089819999999999 -0.0001197598 -0.00014260720000000001 -0.0001567072 -0.0001128788 -0.0001147035 -0.0001520793 -0.000148973 -0.00014076179999999999 -0.0001821139 -0.00016360929999999999
 1330.60006 -3.4724300000000002e-05 -4.2618399999999998e-05 -6.1456699999999997e-05 -0.0001198395 -0.00012261689999999999 -0.00014442679999999999 -0.00014659760000000001 -0.0001026136 -0.00010822819999999999 -0.00014195430000000001 -0.0001446474 -0.00014314899999999999 -0.0001815504 -0.00016446049999999999
 1328.67157 -3.9894500000000002e-05 -3.9937900000000003e-05 -6.0566399999999997e-05 -0.0001146325 -0.0001284515 -0.00013953159999999999 -0.00014075390000000001 -9.4729999999999996e-05 -0.0001042765 -0.0001418426 -0.000146613 -0.00015237080000000001 -0.0001900518 -0.00016257310000000001
 1326.74308 -3.6666399999999998e-05 -3.3419700000000001e-05 -6.4096499999999999e-05 -0.00010595669999999999 -0.0001266568 -0.00012819 -0.0001375045 -9.1544899999999998e-05 -0.0001003485 -0.00014381029999999999 -0.00014330509999999999 -0.00014902639999999999 -0.00019894960000000001 -0.0001618922
 1324.81459 -2.8676100000000001e-05 -2.49918e-05 -6.40475e-05 -9.8092199999999996e-05 -0.00011817820000000001 -0.0001196199 -0.00013377899999999999 -8.65703e-05 -9.1831599999999997e-05 -0.00013276480000000001 -0.00013436350000000001 -0.0001337962 -0.000198533 -0.00015915349999999999
 1322.8860999999999 -2.8937799999999999e-05 -2.9550999999999999e-05 -6.5985100000000006e-05 -9.4667399999999994e-05 -0.0001137581 -0.0001217345 -0.0001349647 -8.2924599999999995e-05 -8.7005900000000007e-05 -0.00011842830000000001 -0.0001335397 -0.00012459719999999999 -0.00019347909999999999 -0.0001511177
 1320.9576199999999 -3.5567300000000001e-05 -4.3658400000000002e-05 -7.4508199999999999e-05 -9.2797899999999995e-05 -0.0001121992 -0.00012805490000000001 -0.0001366657 -7.8565899999999999e-05 -9.11255e-05 -0.000112546 -0.0001372624 -0.00012354989999999999 -0.0001854208 -0.00014067029999999999
 1319.0291299999999 -3.6476800000000003e-05 -4.4811700000000003e-05 -7.7842099999999998e-05 -8.6476899999999999e-05 -0.0001018042 -0.00012451589999999999 -0.00012887040000000001 -6.5782200000000002e-05 -8.92339e-05 -0.0001054591 -0.00013333980000000001 -0.00011786590000000001 -0.0001703578 -0.00013220110000000001
 1317.1006400000001 -3.1278500000000002e-05 -3.1195400000000003e-05 -6.7993799999999999e-05 -7.8341000000000001e-05 -8.2045499999999999e-05 -0.0001072951 -0.0001115391 -5.2914600000000003e-05 -7.0140499999999997e-05 -9.2980999999999996e-05 -0.00012550549999999999 -0.0001060294 -0.0001520134 -0.0001225814
 1315.1721500000001 -2.45651e-05 -2.2598800000000001e-05 -4.88679e-05 -7.1109899999999995e-05 -6.3837200000000006e-05 -8.3384800000000002e-05 -9.0571399999999998e-05 -4.9516099999999998e-05 -4.4798700000000002e-05 -8.3689400000000005e-05 -0.00011668530000000001 -9.1784600000000002e-05 -0.00013523459999999999 -0.0001006268
 1313.2436600000001 -1.7010100000000002e-05 -2.37603e-05 -2.8707599999999999e-05 -6.3625800000000003e-05 -5.2782799999999999e-05 -6.1690699999999995e-05 -6.9924099999999997e-05 -4.4473600000000001e-05 -2.8831199999999999e-05 -7.4384500000000006e-05 -0.0001021194 -6.7727599999999998e-05 -0.0001200193 -6.7825399999999996e-05
 1311.3151700000001 -1.2756e-05 -2.3888900000000001e-05 -1.7229599999999998e-05 -5.3572500000000002e-05 -4.2191100000000003e-05 -4.9891500000000002e-05 -5.03603e-05 -2.9061499999999999e-05 -2.5760300000000001e-05 -5.8975399999999998e-05 -8.4638399999999999e-05 -3.6970400000000001e-05 -0.0001059111 -4.4166299999999998e-05
 1309.3866800000001 -9.0813000000000006e-06 -1.8021900000000001e-05 -1.1696699999999999e-05 -3.65835e-05 -2.4253600000000001e-05 -4.4349199999999999e-05 -3.1683899999999997e-05 -8.4656000000000007e-06 -2.53238e-05 -3.9060000000000002e-05 -6.83929e-05 -1.7188299999999999e-05 -8.9576700000000006e-05 -3.4710099999999998e-05
 1307.4581900000001 -6.356e-07 -1.3978099999999999e-05 -6.0235e-06 -1.9788499999999999e-05 -7.9866999999999993e-06 -3.4756599999999999e-05 -1.9620199999999999e-05 7.7795999999999992e-06 -1.7197000000000002e-05 -1.8357699999999999e-05 -5.4271699999999997e-05 -1.7428600000000001e-05 -6.8704500000000006e-05 -2.81175e-05
 1305.52971 1.1365e-06 -2.0832700000000001e-05 -4.4252999999999998e-06 -1.6702400000000001e-05 -4.4726000000000002e-06 -2.4526399999999999e-05 -2.0702800000000001e-05 8.7234000000000002e-06 -5.1498999999999996e-06 -5.9787e-06 -4.6078400000000003e-05 -2.72336e-05 -4.8511699999999998e-05 -2.44524e-05
 1303.60122 -1.0158399999999999e-05 -2.9872699999999999e-05 -6.2176000000000004e-06 -2.0041899999999999e-05 -7.2989999999999999e-06 -2.0526900000000002e-05 -2.6887099999999999e-05 -4.0100000000000002e-08 2.8049e-06 -3.8979999999999998e-06 -3.8380200000000002e-05 -2.5623399999999999e-05 -3.3350399999999998e-05 -2.09386e-05
 1301.67273 -1.6560799999999999e-05 -2.2480199999999999e-05 -3.5941999999999998e-06 -1.3213999999999999e-05 -2.4548000000000002e-06 -1.36008e-05 -1.7719499999999999e-05 3.5781999999999999e-06 1.27437e-05 -1.1700000000000001e-08 -2.0333899999999999e-05 -4.7330999999999996e-06 -1.8363600000000002e-05 -3.5999999999999999e-07
 1299.74424 -8.2304e-06 -2.9482999999999998e-06 2.835e-06 -2.0325999999999998e-06 1.0972799999999999e-05 2.4122e-06 7.1868999999999997e-06 2.28548e-05 3.3297000000000003e-05 1.2858699999999999e-05 -3.122e-07 2.2799899999999998e-05 -3.0454000000000001e-06 3.2465999999999997e-05


