4196.30639	-0.0000506875
4194.37794	-0.0000601264
4192.44949	-0.0000595844
4190.52104	-0.0000280242
4188.59259	0.0000019621
4186.66414	-0.0000034620
4184.73569	-0.0000152651
4182.80724	-0.0000000291
4180.87879	0.0000205275
4178.95034	0.0000194071
4177.02189	0.0000142616
4175.09344	0.0000354585
4173.16499	0.0000692394
4171.23654	0.0000783929
4169.30810	0.0000574847
4167.37965	0.0000245299
4165.45120	0.0000140925
4163.52275	0.0000378780
4161.59430	0.0000495773
4159.66585	0.0000219375
4157.73740	-0.0000107361
4155.80895	-0.0000185527
4153.88050	-0.0000063458
4151.95205	0.0000072822
4150.02360	0.0000222826
4148.09515	0.0000464616
4146.16670	0.0000514130
4144.23825	0.0000311790
4142.30980	0.0000322356
4140.38135	0.0000656859
4138.45290	0.0000926827
4136.52445	0.0000838584
4134.59600	0.0000578815
4132.66755	0.0000555052
4130.73910	0.0000784288
4128.81065	0.0000923711
4126.88220	0.0000758313
4124.95375	0.0000422869
4123.02530	0.0000171156
4121.09685	0.0000181880
4119.16840	0.0000469915
4117.23996	0.0000727058
4115.31151	0.0000701023
4113.38306	0.0000662289
4111.45461	0.0000863278
4109.52616	0.0001008187
4107.59771	0.0000881816
4105.66926	0.0000762672
4103.74081	0.0000803901
4101.81236	0.0000835739
4099.88391	0.0000742751
4097.95546	0.0000662890
4096.02701	0.0000719505
4094.09856	0.0000810523
4092.17011	0.0000928745
4090.24166	0.0001126348
4088.31321	0.0001193925
4086.38476	0.0000951819
4084.45631	0.0000626023
4082.52786	0.0000586125
4080.59941	0.0000777214
4078.67096	0.0000912223
4076.74251	0.0000980955
4074.81406	0.0001097077
4072.88561	0.0001217748
4070.95716	0.0001168523
4069.02871	0.0000822905
4067.10027	0.0000449282
4065.17182	0.0000471470
4063.24337	0.0000755226
4061.31492	0.0000869215
4059.38647	0.0000765545
4057.45802	0.0000716902
4055.52957	0.0000850556
4053.60112	0.0000971367
4051.67267	0.0000900926
4049.74422	0.0000703393
4047.81577	0.0000596510
4045.88732	0.0000755519
4043.95887	0.0000989290
4042.03042	0.0001072900
4040.10197	0.0001058143
4038.17352	0.0001005845
4036.24507	0.0000850607
4034.31662	0.0000564495
4032.38817	0.0000326016
4030.45972	0.0000389789
4028.53127	0.0000784837
4026.60282	0.0001194293
4024.67437	0.0001351254
4022.74592	0.0001357694
4020.81747	0.0001236030
4018.88902	0.0000999465
4016.96057	0.0000917001
4015.03213	0.0000895297
4013.10368	0.0000670927
4011.17523	0.0000483438
4009.24678	0.0000614321
4007.31833	0.0000830169
4005.38988	0.0000848535
4003.46143	0.0000813852
4001.53298	0.0000816642
3999.60453	0.0000707011
3997.67608	0.0000514958
3995.74763	0.0000518376
3993.81918	0.0000848176
3991.89073	0.0001180733
3989.96228	0.0001196123
3988.03383	0.0000990343
3986.10538	0.0000748823
3984.17693	0.0000602489
3982.24848	0.0000670922
3980.32003	0.0000855431
3978.39158	0.0000942347
3976.46313	0.0000831147
3974.53468	0.0000611700
3972.60623	0.0000536151
3970.67778	0.0000665679
3968.74933	0.0000862970
3966.82088	0.0001028923
3964.89243	0.0001020350
3962.96399	0.0000768106
3961.03554	0.0000497603
3959.10709	0.0000479894
3957.17864	0.0000558004
3955.25019	0.0000463652
3953.32174	0.0000425212
3951.39329	0.0000594899
3949.46484	0.0000735240
3947.53639	0.0000803994
3945.60794	0.0000869210
3943.67949	0.0000834379
3941.75104	0.0000690168
3939.82259	0.0000566563
3937.89414	0.0000556640
3935.96569	0.0000720832
3934.03724	0.0000996676
3932.10879	0.0001152607
3930.18034	0.0001088099
3928.25189	0.0000988750
3926.32344	0.0001106129
3924.39499	0.0001360110
3922.46654	0.0001481411
3920.53809	0.0001551460
3918.60964	0.0001682031
3916.68119	0.0001715447
3914.75274	0.0001569197
3912.82430	0.0001385345
3910.89585	0.0001277218
3908.96740	0.0001308967
3907.03895	0.0001566608
3905.11050	0.0001912608
3903.18205	0.0002082319
3901.25360	0.0001985102
3899.32515	0.0001723806
3897.39670	0.0001525490
3895.46825	0.0001536871
3893.53980	0.0001789455
3891.61135	0.0001953610
3889.68290	0.0001786726
3887.75445	0.0001859565
3885.82600	0.0002291959
3883.89755	0.0002442610
3881.96910	0.0002303424
3880.04065	0.0002086826
3878.11220	0.0001789604
3876.18375	0.0001660611
3874.25530	0.0001806866
3872.32685	0.0002131106
3870.39840	0.0002535575
3868.46995	0.0002687427
3866.54150	0.0002481018
3864.61305	0.0002220857
3862.68460	0.0002106766
3860.75616	0.0002095101
3858.82771	0.0002234506
3856.89926	0.0002981934
3854.97081	0.0004201604
3853.04236	0.0004489163
3851.11391	0.0003373397
3849.18546	0.0002192121
3847.25701	0.0001897037
3845.32856	0.0002205383
3843.40011	0.0002527742
3841.47166	0.0002764158
3839.54321	0.0003116468
3837.61476	0.0003290486
3835.68631	0.0002950428
3833.75786	0.0002395662
3831.82941	0.0002020935
3829.90096	0.0001931998
3827.97251	0.0001975221
3826.04406	0.0001951850
3824.11561	0.0002085234
3822.18716	0.0002513349
3820.25871	0.0002811400
3818.33026	0.0002912378
3816.40181	0.0002853244
3814.47336	0.0002342362
3812.54491	0.0001696937
3810.61646	0.0001564093
3808.68802	0.0001944366
3806.75957	0.0002276830
3804.83112	0.0002340984
3802.90267	0.0002415900
3800.97422	0.0002215484
3799.04577	0.0001615912
3797.11732	0.0001222577
3795.18887	0.0001061980
3793.26042	0.0000894719
3791.33197	0.0000834854
3789.40352	0.0000780460
3787.47507	0.0000655681
3785.54662	0.0000591653
3783.61817	0.0000564337
3781.68972	0.0000439619
3779.76127	0.0000142993
3777.83282	-0.0000251841
3775.90437	-0.0000567448
3773.97592	-0.0000635914
3772.04747	-0.0000396182
3770.11902	-0.0000143403
3768.19057	-0.0000229485
3766.26212	-0.0000581991
3764.33367	-0.0001022567
3762.40522	-0.0001382616
3760.47677	-0.0001577397
3758.54832	-0.0001698837
3756.61988	-0.0001687154
3754.69143	-0.0001320208
3752.76298	-0.0000631244
3750.83453	-0.0000252517
3748.90608	-0.0000607788
3746.97763	-0.0000904186
3745.04918	-0.0000842919
3743.12073	-0.0001494938
3741.19228	-0.0002828615
3739.26383	-0.0003588072
3737.33538	-0.0003583778
3735.40693	-0.0003537785
3733.47848	-0.0003815002
3731.55003	-0.0004363095
3729.62158	-0.0004968715
3727.69313	-0.0005410605
3725.76468	-0.0005759697
3723.83623	-0.0006264935
3721.90778	-0.0006895571
3719.97933	-0.0007440124
3718.05088	-0.0007874139
3716.12243	-0.0008280284
3714.19398	-0.0008534479
3712.26553	-0.0008684967
3710.33708	-0.0009178447
3708.40863	-0.0010089523
3706.48019	-0.0011063095
3704.55174	-0.0011840484
3702.62329	-0.0012482407
3700.69484	-0.0013271880
3698.76639	-0.0014240805
3696.83794	-0.0015095638
3694.90949	-0.0015766036
3692.98104	-0.0016427266
3691.05259	-0.0017092165
3689.12414	-0.0017921098
3687.19569	-0.0019282450
3685.26724	-0.0021053900
3683.33879	-0.0022724995
3681.41034	-0.0024092773
3679.48189	-0.0025059029
3677.55344	-0.0025704864
3675.62499	-0.0026892947
3673.69654	-0.0028986495
3671.76809	-0.0031040094
3669.83964	-0.0032866478
3667.91119	-0.0035171148
3665.98274	-0.0037717812
3664.05429	-0.0039858925
3662.12584	-0.0041572400
3660.19739	-0.0043011932
3658.26894	-0.0044194618
3656.34049	-0.0045356788
3654.41205	-0.0046599861
3652.48360	-0.0047548646
3650.55515	-0.0048222430
3648.62670	-0.0049239933
3646.69825	-0.0050651659
3644.76980	-0.0051839747
3642.84135	-0.0052620522
3640.91290	-0.0053313212
3638.98445	-0.0053971591
3637.05600	-0.0054355105
3635.12755	-0.0054510934
3633.19910	-0.0054589524
3631.27065	-0.0054505486
3629.34220	-0.0054554972
3627.41375	-0.0055220178
3625.48530	-0.0056038043
3623.55685	-0.0056191459
3621.62840	-0.0055740811
3619.69995	-0.0055491053
3617.77150	-0.0055884956
3615.84305	-0.0056453329
3613.91460	-0.0056757396
3611.98615	-0.0056904494
3610.05770	-0.0057173171
3608.12925	-0.0057668323
3606.20080	-0.0058215559
3604.27235	-0.0058678240
3602.34391	-0.0059020766
3600.41546	-0.0059202639
3598.48701	-0.0059347055
3596.55856	-0.0059636733
3594.63011	-0.0060000503
3592.70166	-0.0060192128
3590.77321	-0.0060208337
3588.84476	-0.0060288454
3586.91631	-0.0060607782
3584.98786	-0.0061093834
3583.05941	-0.0061500599
3581.13096	-0.0061815875
3579.20251	-0.0062215654
3577.27406	-0.0062522804
3575.34561	-0.0062540169
3573.41716	-0.0062576095
3571.48871	-0.0062877522
3569.56026	-0.0063213641
3567.63181	-0.0063404418
3565.70336	-0.0063604112
3563.77491	-0.0063857841
3561.84646	-0.0064025410
3559.91801	-0.0064112763
3557.98956	-0.0064208419
3556.06111	-0.0064252191
3554.13266	-0.0064164307
3552.20422	-0.0064096390
3550.27577	-0.0064238701
3548.34732	-0.0064433226
3546.41887	-0.0064403662
3544.49042	-0.0064093312
3542.56197	-0.0063702641
3540.63352	-0.0063491580
3538.70507	-0.0063439850
3536.77662	-0.0063173966
3534.84817	-0.0062519968
3532.91972	-0.0061811800
3530.99127	-0.0061390279
3529.06282	-0.0061186911
3527.13437	-0.0060809087
3525.20592	-0.0060047866
3523.27747	-0.0059241559
3521.34902	-0.0058739907
3519.42057	-0.0058306293
3517.49212	-0.0057559335
3515.56367	-0.0056628571
3513.63522	-0.0055873678
3511.70677	-0.0055204974
3509.77832	-0.0054397313
3507.84987	-0.0053504626
3505.92142	-0.0052491175
3503.99297	-0.0051320074
3502.06452	-0.0050196121
3500.13608	-0.0049184174
3498.20763	-0.0048073255
3496.27918	-0.0046730977
3494.35073	-0.0045471746
3492.42228	-0.0044623408
3490.49383	-0.0043897675
3488.56538	-0.0042779110
3486.63693	-0.0041239802
3484.70848	-0.0039669168
3482.78003	-0.0038265286
3480.85158	-0.0036945401
3478.92313	-0.0035786706
3476.99468	-0.0034797068
3475.06623	-0.0033724199
3473.13778	-0.0032386722
3471.20933	-0.0030774635
3469.28088	-0.0029080228
3467.35243	-0.0027520664
3465.42398	-0.0026034263
3463.49553	-0.0024480654
3461.56708	-0.0022974368
3459.63863	-0.0021626307
3457.71018	-0.0020329920
3455.78173	-0.0018960848
3453.85328	-0.0017486182
3451.92483	-0.0016011489
3449.99638	-0.0014541841
3448.06794	-0.0012994944
3446.13949	-0.0011515035
3444.21104	-0.0010106161
3442.28259	-0.0008510151
3440.35414	-0.0006684870
3438.42569	-0.0004917437
3436.49724	-0.0003333637
3434.56879	-0.0001784940
3432.64034	-0.0000152560
3430.71189	0.0001630976
3428.78344	0.0003383593
3426.85499	0.0004905008
3424.92654	0.0006448450
3422.99809	0.0008195024
3421.06964	0.0009951012
3419.14119	0.0011661483
3417.21274	0.0013428184
3415.28429	0.0015205112
3413.35584	0.0016830629
3411.42739	0.0018201114
3409.49894	0.0019488474
3407.57049	0.0020886608
3405.64204	0.0022306493
3403.71359	0.0023823350
3401.78514	0.0025502096
3399.85669	0.0027055133
3397.92825	0.0028397008
3395.99980	0.0029684529
3394.07135	0.0031058486
3392.14290	0.0032569566
3390.21445	0.0034053845
3388.28600	0.0035385233
3386.35755	0.0036474550
3384.42910	0.0037336564
3382.50065	0.0038345156
3380.57220	0.0039663156
3378.64375	0.0040921094
3376.71530	0.0041993544
3374.78685	0.0043086424
3372.85840	0.0044215010
3370.92995	0.0045197136
3369.00150	0.0045997291
3367.07305	0.0046865591
3365.14460	0.0047873845
3363.21615	0.0048808861
3361.28770	0.0049590310
3359.35925	0.0050235540
3357.43080	0.0050894790
3355.50235	0.0051687639
3353.57390	0.0052420273
3351.64545	0.0053048986
3349.71700	0.0053774058
3347.78855	0.0054463656
3345.86011	0.0054970309
3343.93166	0.0055481433
3342.00321	0.0056087165
3340.07476	0.0056672306
3338.14631	0.0057192859
3336.21786	0.0057754377
3334.28941	0.0058423989
3332.36096	0.0059118723
3330.43251	0.0059901476
3328.50406	0.0060861763
3326.57561	0.0061891181
3324.64716	0.0062794518
3322.71871	0.0063394136
3320.79026	0.0063866768
3318.86181	0.0064533236
3316.93336	0.0065297703
3315.00491	0.0066010063
3313.07646	0.0066704401
3311.14801	0.0067349439
3309.21956	0.0067892703
3307.29111	0.0068377671
3305.36266	0.0068785208
3303.43421	0.0069070975
3301.50576	0.0069420962
3299.57731	0.0070031830
3297.64886	0.0070746443
3295.72041	0.0071324669
3293.79197	0.0071831136
3291.86352	0.0072406740
3289.93507	0.0072986940
3288.00662	0.0073448732
3286.07817	0.0073874304
3284.14972	0.0074337721
3282.22127	0.0074665127
3280.29282	0.0074793510
3278.36437	0.0074954764
3276.43592	0.0075276322
3274.50747	0.0075646620
3272.57902	0.0076044365
3270.65057	0.0076429881
3268.72212	0.0076689520
3266.79367	0.0076914881
3264.86522	0.0077120974
3262.93677	0.0077231140
3261.00832	0.0077356482
3259.07987	0.0077675055
3257.15142	0.0078208307
3255.22297	0.0078633362
3253.29452	0.0078778537
3251.36607	0.0078961495
3249.43762	0.0079526287
3247.50917	0.0080418075
3245.58072	0.0081281243
3243.65227	0.0082064383
3241.72383	0.0082970029
3239.79538	0.0083985776
3237.86693	0.0084974403
3235.93848	0.0085875364
3234.01003	0.0086764162
3232.08158	0.0087648425
3230.15313	0.0088355262
3228.22468	0.0088835526
3226.29623	0.0089165932
3224.36778	0.0089256456
3222.43933	0.0088901445
3220.51088	0.0088121770
3218.58243	0.0087165376
3216.65398	0.0086066239
3214.72553	0.0084689874
3212.79708	0.0083034514
3210.86863	0.0081117367
3208.94018	0.0079001691
3207.01173	0.0076833968
3205.08328	0.0074667069
3203.15483	0.0072587011
3201.22638	0.0070705735
3199.29793	0.0069064335
3197.36948	0.0067609032
3195.44103	0.0066183535
3193.51258	0.0064806426
3191.58414	0.0063586188
3189.65569	0.0062482134
3187.72724	0.0061463830
3185.79879	0.0060411994
3183.87034	0.0059248349
3181.94189	0.0058167581
3180.01344	0.0057228934
3178.08499	0.0056228652
3176.15654	0.0055244905
3174.22809	0.0054528965
3172.29964	0.0053894455
3170.37119	0.0053052236
3168.44274	0.0052114236
3166.51429	0.0051261061
3164.58584	0.0050549037
3162.65739	0.0049913707
3160.72894	0.0049250359
3158.80049	0.0048605190
3156.87204	0.0048027346
3154.94359	0.0047441162
3153.01514	0.0046840995
3151.08669	0.0046250448
3149.15824	0.0045583658
3147.22979	0.0044767852
3145.30134	0.0043943916
3143.37289	0.0043237866
3141.44444	0.0042618434
3139.51600	0.0041988674
3137.58755	0.0041195848
3135.65910	0.0040268931
3133.73065	0.0039507546
3131.80220	0.0038962322
3129.87375	0.0038193201
3127.94530	0.0036958738
3126.01685	0.0035636590
3124.08840	0.0034596657
3122.15995	0.0033700205
3120.23150	0.0032705963
3118.30305	0.0031633629
3116.37460	0.0030563783
3114.44615	0.0029484699
3112.51770	0.0028385276
3110.58925	0.0027261844
3108.66080	0.0026104252
3106.73235	0.0024833817
3104.80390	0.0023426211
3102.87545	0.0022118473
3100.94700	0.0021136762
3099.01855	0.0020352679
3097.09010	0.0019429023
3095.16165	0.0018251557
3093.23320	0.0017066463
3091.30475	0.0016079391
3089.37630	0.0015227851
3087.44786	0.0014503937
3085.51941	0.0013846611
3083.59096	0.0013064529
3081.66251	0.0012227743
3079.73406	0.0011518104
3077.80561	0.0010931509
3075.87716	0.0010303577
3073.94871	0.0009611162
3072.02026	0.0009065143
3070.09181	0.0008746343
3068.16336	0.0008546172
3066.23491	0.0008321480
3064.30646	0.0007944615
3062.37801	0.0007444617
3060.44956	0.0006976599
3058.52111	0.0006590457
3056.59266	0.0006276344
3054.66421	0.0006087251
3052.73576	0.0005913114
3050.80731	0.0005617671
3048.87886	0.0005352655
3046.95041	0.0005150067
3045.02196	0.0004817018
3043.09351	0.0004392269
3041.16506	0.0003961615
3039.23661	0.0003528299
3037.30817	0.0003184595
3035.37972	0.0002898239
3033.45127	0.0002623208
3031.52282	0.0002405648
3029.59437	0.0002179143
3027.66592	0.0001886218
3025.73747	0.0001550932
3023.80902	0.0001168976
3021.88057	0.0000801060
3019.95212	0.0000620850
3018.02367	0.0000639749
3016.09522	0.0000714650
3014.16677	0.0000822809
3012.23832	0.0000916891
3010.30987	0.0000931841
3008.38142	0.0000983466
3006.45297	0.0001263639
3004.52452	0.0001805932
3002.59607	0.0002377215
3000.66762	0.0002856997
2998.73917	0.0003458186
2996.81072	0.0004299426
2994.88227	0.0005349643
2992.95382	0.0006748039
2991.02537	0.0008640568
2989.09692	0.0010888549
2987.16847	0.0013455169
2985.24003	0.0016572832
2983.31158	0.0020456926
2981.38313	0.0025283617
2979.45468	0.0031268725
2977.52623	0.0038628499
2975.59778	0.0047582826
2973.66933	0.0058380030
2971.74088	0.0071117226
2969.81243	0.0085398676
2967.88398	0.0099991513
2965.95553	0.0113017950
2964.02708	0.0122907143
2962.09863	0.0129109090
2960.17018	0.0132212844
2958.24173	0.0133235762
2956.31328	0.0132201733
2954.38483	0.0128258709
2952.45638	0.0121173756
2950.52793	0.0112029240
2948.59948	0.0102784624
2946.67103	0.0095334006
2944.74258	0.0090939868
2942.81413	0.0090202261
2940.88568	0.0093090842
2938.95723	0.0098913610
2937.02878	0.0106622791
2935.10033	0.0115394918
2933.17189	0.0124627324
2931.24344	0.0133442273
2929.31499	0.0140453978
2927.38654	0.0144065283
2925.45809	0.0143229505
2923.52964	0.0138152801
2921.60119	0.0130304061
2919.67274	0.0121653583
2917.74429	0.0113736996
2915.81584	0.0107235871
2913.88739	0.0102047613
2911.95894	0.0097728670
2910.03049	0.0093887113
2908.10204	0.0090360017
2906.17359	0.0087217428
2904.24514	0.0084601818
2902.31669	0.0082556475
2900.38824	0.0080759134
2898.45979	0.0078683067
2896.53134	0.0076093897
2894.60289	0.0072880969
2892.67444	0.0068928464
2890.74599	0.0064370632
2888.81754	0.0059598065
2886.88909	0.0055099875
2884.96064	0.0051247962
2883.03219	0.0048358771
2881.10375	0.0046975398
2879.17530	0.0047582807
2877.24685	0.0049932608
2875.31840	0.0053372788
2873.38995	0.0057322704
2871.46150	0.0060768407
2869.53305	0.0062321909
2867.60460	0.0061599351
2865.67615	0.0059705474
2863.74770	0.0058014826
2861.81925	0.0057268473
2859.89080	0.0057462840
2857.96235	0.0057914793
2856.03390	0.0057841525
2854.10545	0.0057113296
2852.17700	0.0056271735
2850.24855	0.0055809082
2848.32010	0.0055472455
2846.39165	0.0054240264
2844.46320	0.0050948285
2842.53475	0.0045234314
2840.60630	0.0037837077
2838.67785	0.0030050953
2836.74940	0.0023145110
2834.82095	0.0017896142
2832.89250	0.0014301806
2830.96406	0.0011920168
2829.03561	0.0010332074
2827.10716	0.0009219348
2825.17871	0.0008386392
2823.25026	0.0007713119
2821.32181	0.0006986672
2819.39336	0.0006156744
2817.46491	0.0005447970
2815.53646	0.0004953512
2813.60801	0.0004506739
2811.67956	0.0004053412
2809.75111	0.0003712199
2807.82266	0.0003418256
2805.89421	0.0002973243
2803.96576	0.0002513154
2802.03731	0.0002298456
2800.10886	0.0002234165
2798.18041	0.0002089344
2796.25196	0.0001891060
2794.32351	0.0001680745
2792.39506	0.0001398754
2790.46661	0.0001156474
2788.53816	0.0001006015
2786.60971	0.0000737220
2784.68126	0.0000384308
2782.75281	0.0000218566
2780.82436	0.0000154086
2778.89592	0.0000034144
2776.96747	-0.0000142763
2775.03902	-0.0000413903
2773.11057	-0.0000615804
2771.18212	-0.0000538782
2769.25367	-0.0000294444
2767.32522	-0.0000103068
2765.39677	-0.0000020757
2763.46832	0.0000030738
2761.53987	0.0000072263
2759.61142	-0.0000000009
2757.68297	-0.0000157387
2755.75452	-0.0000225536
2753.82607	-0.0000139570
2751.89762	-0.0000018622
2749.96917	-0.0000046265
2748.04072	-0.0000274954
2746.11227	-0.0000527904
2744.18382	-0.0000596271
2742.25537	-0.0000443589
2740.32692	-0.0000238972
2738.39847	-0.0000075948
2736.47002	0.0000114516
2734.54157	0.0000327676
2732.61312	0.0000431264
2730.68467	0.0000416782
2728.75622	0.0000450755
2726.82778	0.0000589803
2724.89933	0.0000778274
2722.97088	0.0001024466
2721.04243	0.0001212631
2719.11398	0.0001172854
2717.18553	0.0001001265
2715.25708	0.0000858741
2713.32863	0.0000724785
2711.40018	0.0000560404
2709.47173	0.0000395539
2707.54328	0.0000296289
2705.61483	0.0000409215
2703.68638	0.0000662717
2701.75793	0.0000754992
2699.82948	0.0000685135
2697.90103	0.0000634071
2695.97258	0.0000616584
2694.04413	0.0000651947
2692.11568	0.0000742514
2690.18723	0.0000817004
2688.25878	0.0000780437
2686.33033	0.0000607893
2684.40188	0.0000471854
2682.47343	0.0000462632
2680.54498	0.0000505340
2678.61653	0.0000629655
2676.68809	0.0000778186
2674.75964	0.0000758722
2672.83119	0.0000573779
2670.90274	0.0000402477
2668.97429	0.0000365052
2667.04584	0.0000458425
2665.11739	0.0000616542
2663.18894	0.0000699446
2661.26049	0.0000660718
2659.33204	0.0000679148
2657.40359	0.0000825110
2655.47514	0.0000881396
2653.54669	0.0000770441
2651.61824	0.0000679988
2649.68979	0.0000694147
2647.76134	0.0000765948
2645.83289	0.0000807807
2643.90444	0.0000770654
2641.97599	0.0000739061
2640.04754	0.0000760333
2638.11909	0.0000819116
2636.19064	0.0000999404
2634.26219	0.0001252572
2632.33374	0.0001310066
2630.40529	0.0001189411
2628.47684	0.0001191590
2626.54839	0.0001364046
2624.61995	0.0001540612
2622.69150	0.0001659565
2620.76305	0.0001724793
2618.83460	0.0001759854
2616.90615	0.0001835173
2614.97770	0.0001892642
2613.04925	0.0001840616
2611.12080	0.0001850032
2609.19235	0.0002022214
2607.26390	0.0002126218
2605.33545	0.0002002222
2603.40700	0.0001808949
2601.47855	0.0001744243
2599.55010	0.0001766812
2597.62165	0.0001733456
2595.69320	0.0001728287
2593.76475	0.0001907788
2591.83630	0.0002130842
2589.90785	0.0002163496
2587.97940	0.0002017260
2586.05095	0.0001869684
2584.12250	0.0001883498
2582.19405	0.0002006773
2580.26560	0.0002074693
2578.33715	0.0002024018
2576.40870	0.0001926165
2574.48025	0.0001873895
2572.55181	0.0001899169
2570.62336	0.0001868767
2568.69491	0.0001692692
2566.76646	0.0001557884
2564.83801	0.0001579226
2562.90956	0.0001636748
2560.98111	0.0001704753
2559.05266	0.0001803801
2557.12421	0.0001826712
2555.19576	0.0001715741
2553.26731	0.0001636707
2551.33886	0.0001743019
2549.41041	0.0001856925
2547.48196	0.0001766318
2545.55351	0.0001633067
2543.62506	0.0001608941
2541.69661	0.0001605202
2539.76816	0.0001612551
2537.83971	0.0001626845
2535.91126	0.0001568517
2533.98281	0.0001508773
2532.05436	0.0001534410
2530.12591	0.0001605794
2528.19746	0.0001688320
2526.26901	0.0001765387
2524.34056	0.0001843376
2522.41212	0.0001903138
2520.48367	0.0001835343
2518.55522	0.0001728553
2516.62677	0.0001768699
2514.69832	0.0001800450
2512.76987	0.0001658140
2510.84142	0.0001551508
2508.91297	0.0001654485
2506.98452	0.0001838274
2505.05607	0.0001963378
2503.12762	0.0001980740
2501.19917	0.0001862263
2499.27072	0.0001796334
2497.34227	0.0001930378
2495.41382	0.0002013955
2493.48537	0.0001962012
2491.55692	0.0001995244
2489.62847	0.0002065468
2487.70002	0.0002044285
2485.77157	0.0002039492
2483.84312	0.0002046343
2481.91467	0.0001976524
2479.98622	0.0001945569
2478.05777	0.0002043712
2476.12932	0.0002124764
2474.20087	0.0002101929
2472.27242	0.0002075548
2470.34398	0.0002050655
2468.41553	0.0002008137
2466.48708	0.0002059750
2464.55863	0.0002196439
2462.63018	0.0002217271
2460.70173	0.0002123390
2458.77328	0.0002075056
2456.84483	0.0002066769
2454.91638	0.0002057862
2452.98793	0.0002064021
2451.05948	0.0002042797
2449.13103	0.0002038376
2447.20258	0.0002112454
2445.27413	0.0002201730
2443.34568	0.0002240374
2441.41723	0.0002236908
2439.48878	0.0002229356
2437.56033	0.0002212242
2435.63188	0.0002190439
2433.70343	0.0002174907
2431.77498	0.0002119242
2429.84653	0.0002075974
2427.91808	0.0002107220
2425.98963	0.0002149642
2424.06118	0.0002218181
2422.13273	0.0002360020
2420.20428	0.0002426657
2418.27584	0.0002313807
2416.34739	0.0002101536
2414.41894	0.0001914478
2412.49049	0.0001894081
2410.56204	0.0002126756
2408.63359	0.0002440140
2406.70514	0.0002541131
2404.77669	0.0002420050
2402.84824	0.0002320483
2400.91979	0.0002316273
2398.99134	0.0002404305
2397.06289	0.0002515074
2395.13444	0.0002461657
2393.20599	0.0002314711
2391.27754	0.0002330867
2389.34909	0.0002471562
2387.42064	0.0002479442
2385.49219	0.0002337074
2383.56374	0.0002245805
2381.63529	0.0002325410
2379.70684	0.0002498043
2377.77839	0.0002668051
2375.84994	0.0002868507
2373.92149	0.0003164498
2371.99304	0.0003494104
2370.06459	0.0003841896
2368.13614	0.0004242000
2366.20770	0.0004566946
2364.27925	0.0004741734
2362.35080	0.0004800090
2360.42235	0.0004680906
2358.49390	0.0004468662
2356.56545	0.0004251098
2354.63700	0.0003846167
2352.70855	0.0003224608
2350.78010	0.0002706738
2348.85165	0.0002557612
2346.92320	0.0002762321
2344.99475	0.0003103221
2343.06630	0.0003349241
2341.13785	0.0003420946
2339.20940	0.0003364889
2337.28095	0.0003286620
2335.35250	0.0003232902
2333.42405	0.0003100008
2331.49560	0.0002829971
2329.56715	0.0002499270
2327.63870	0.0002250145
2325.71025	0.0002160088
2323.78180	0.0002097022
2321.85335	0.0001831192
2319.92490	0.0001371822
2317.99645	0.0000987191
2316.06801	0.0000845461
2314.13956	0.0000851201
2312.21111	0.0000744524
2310.28266	0.0000413378
2308.35421	0.0000027102
2306.42576	-0.0000194019
2304.49731	-0.0000276905
2302.56886	-0.0000455156
2300.64041	-0.0000765089
2298.71196	-0.0001020174
2296.78351	-0.0001177209
2294.85506	-0.0001357905
2292.92661	-0.0001601918
2290.99816	-0.0001782669
2289.06971	-0.0001927610
2287.14126	-0.0002197910
2285.21281	-0.0002496901
2283.28436	-0.0002698366
2281.35591	-0.0002919293
2279.42746	-0.0003217542
2277.49901	-0.0003428718
2275.57056	-0.0003519618
2273.64211	-0.0003669588
2271.71366	-0.0003894937
2269.78521	-0.0004068192
2267.85676	-0.0004104054
2265.92831	-0.0004074288
2263.99987	-0.0004199471
2262.07142	-0.0004467050
2260.14297	-0.0004559600
2258.21452	-0.0004401276
2256.28607	-0.0004248870
2254.35762	-0.0004222387
2252.42917	-0.0004246604
2250.50072	-0.0004255837
2248.57227	-0.0004161693
2246.64382	-0.0003956621
2244.71537	-0.0003696389
2242.78692	-0.0003374013
2240.85847	-0.0003050318
2238.93002	-0.0002817380
2237.00157	-0.0002618828
2235.07312	-0.0002397684
2233.14467	-0.0002185460
2231.21622	-0.0001980964
2229.28777	-0.0001775975
2227.35932	-0.0001597866
2225.43087	-0.0001444324
2223.50242	-0.0001236965
2221.57397	-0.0000955432
2219.64552	-0.0000733571
2217.71707	-0.0000684122
2215.78862	-0.0000763735
2213.86017	-0.0000806542
2211.93173	-0.0000692082
2210.00328	-0.0000499684
2208.07483	-0.0000379925
2206.14638	-0.0000379588
2204.21793	-0.0000467955
2202.28948	-0.0000547051
2200.36103	-0.0000477636
2198.43258	-0.0000293059
2196.50413	-0.0000166844
2194.57568	-0.0000167930
2192.64723	-0.0000259442
2190.71878	-0.0000339482
2188.79033	-0.0000376283
2186.86188	-0.0000439973
2184.93343	-0.0000487934
2183.00498	-0.0000428619
2181.07653	-0.0000384658
2179.14808	-0.0000441202
2177.21963	-0.0000445439
2175.29118	-0.0000339736
2173.36273	-0.0000232712
2171.43428	-0.0000216240
2169.50583	-0.0000314930
2167.57738	-0.0000407301
2165.64893	-0.0000401056
2163.72048	-0.0000408619
2161.79204	-0.0000499399
2159.86359	-0.0000631958
2157.93514	-0.0000711041
2156.00669	-0.0000584061
2154.07824	-0.0000398136
2152.14979	-0.0000439669
2150.22134	-0.0000567273
2148.29289	-0.0000527780
2146.36444	-0.0000415352
2144.43599	-0.0000354546
2142.50754	-0.0000350030
2140.57909	-0.0000351450
2138.65064	-0.0000269811
2136.72219	-0.0000160536
2134.79374	-0.0000150725
2132.86529	-0.0000188467
2130.93684	-0.0000152139
2129.00839	-0.0000124055
2127.07994	-0.0000227794
2125.15149	-0.0000348239
2123.22304	-0.0000337613
2121.29459	-0.0000265217
2119.36614	-0.0000270868
2117.43769	-0.0000318521
2115.50924	-0.0000310766
2113.58079	-0.0000292300
2111.65234	-0.0000259400
2109.72390	-0.0000146555
2107.79545	-0.0000001917
2105.86700	0.0000039619
2103.93855	-0.0000053546
2102.01010	-0.0000118983
2100.08165	-0.0000060678
2098.15320	0.0000026501
2096.22475	0.0000046544
2094.29630	0.0000036473
2092.36785	0.0000073179
2090.43940	0.0000172665
2088.51095	0.0000302767
2086.58250	0.0000325688
2084.65405	0.0000220879
2082.72560	0.0000245794
2080.79715	0.0000437932
2078.86870	0.0000617314
2076.94025	0.0000779955
2075.01180	0.0000930372
2073.08335	0.0000979250
2071.15490	0.0000978124
2069.22645	0.0001064057
2067.29800	0.0001230369
2065.36955	0.0001406743
2063.44110	0.0001626613
2061.51265	0.0001892639
2059.58420	0.0002027146
2057.65576	0.0002019202
2055.72731	0.0002114455
2053.79886	0.0002348211
2051.87041	0.0002455497
2049.94196	0.0002327750
2048.01351	0.0002194704
2046.08506	0.0002229961
2044.15661	0.0002263895
2042.22816	0.0002173854
2040.29971	0.0002098586
2038.37126	0.0002084413
2036.44281	0.0002031546
2034.51436	0.0001929320
2032.58591	0.0001831728
2030.65746	0.0001764892
2028.72901	0.0001745445
2026.80056	0.0001720524
2024.87211	0.0001635179
2022.94366	0.0001552195
2021.01521	0.0001515584
2019.08676	0.0001510814
2017.15831	0.0001535249
2015.22986	0.0001543320
2013.30141	0.0001531946
2011.37296	0.0001544533
2009.44451	0.0001563373
2007.51606	0.0001537628
2005.58762	0.0001444840
2003.65917	0.0001323274
2001.73072	0.0001286887
1999.80227	0.0001344328
1997.87382	0.0001327206
1995.94537	0.0001207858
1994.01692	0.0001165383
1992.08847	0.0001245668
1990.16002	0.0001316936
1988.23157	0.0001273217
1986.30312	0.0001138542
1984.37467	0.0001002678
1982.44622	0.0000973363
1980.51777	0.0001099743
1978.58932	0.0001236974
1976.66087	0.0001217271
1974.73242	0.0001103575
1972.80397	0.0001062411
1970.87552	0.0001107628
1968.94707	0.0001097069
1967.01862	0.0000985029
1965.09017	0.0000853796
1963.16172	0.0000836063
1961.23327	0.0000955835
1959.30482	0.0001100532
1957.37637	0.0001198707
1955.44793	0.0001246823
1953.51948	0.0001255524
1951.59103	0.0001273157
1949.66258	0.0001302005
1947.73413	0.0001313703
1945.80568	0.0001400088
1943.87723	0.0001551319
1941.94878	0.0001570248
1940.02033	0.0001493428
1938.09188	0.0001447629
1936.16343	0.0001409269
1934.23498	0.0001398836
1932.30653	0.0001422243
1930.37808	0.0001432767
1928.44963	0.0001479388
1926.52118	0.0001603389
1924.59273	0.0001694862
1922.66428	0.0001637339
1920.73583	0.0001559025
1918.80738	0.0001623352
1916.87893	0.0001705087
1914.95048	0.0001675848
1913.02203	0.0001623265
1911.09358	0.0001609891
1909.16513	0.0001619134
1907.23668	0.0001584454
1905.30823	0.0001466739
1903.37979	0.0001323980
1901.45134	0.0001227538
1899.52289	0.0001237554
1897.59444	0.0001307880
1895.66599	0.0001306893
1893.73754	0.0001291923
1891.80909	0.0001347606
1889.88064	0.0001382414
1887.95219	0.0001281900
1886.02374	0.0001056662
1884.09529	0.0000853672
1882.16684	0.0000765733
1880.23839	0.0000708998
1878.30994	0.0000608441
1876.38149	0.0000474383
1874.45304	0.0000411307
1872.52459	0.0000519470
1870.59614	0.0000722314
1868.66769	0.0000747017
1866.73924	0.0000500489
1864.81079	0.0000250761
1862.88234	0.0000136908
1860.95389	0.0000093023
1859.02544	0.0000098253
1857.09699	0.0000002967
1855.16854	-0.0000223888
1853.24009	-0.0000409792
1851.31165	-0.0000443295
1849.38320	-0.0000302717
1847.45475	0.0000009133
1845.52630	0.0000394149
1843.59785	0.0000517462
1841.66940	0.0000228332
1839.74095	-0.0000090181
1837.81250	-0.0000182017
1835.88405	-0.0000199638
1833.95560	-0.0000222242
1832.02715	-0.0000180717
1830.09870	-0.0000148239
1828.17025	-0.0000190185
1826.24180	-0.0000234424
1824.31335	-0.0000336284
1822.38490	-0.0000532477
1820.45645	-0.0000696184
1818.52800	-0.0000750221
1816.59955	-0.0000772314
1814.67110	-0.0000826159
1812.74265	-0.0000814861
1810.81420	-0.0000724464
1808.88575	-0.0000732574
1806.95730	-0.0000870404
1805.02885	-0.0000933701
1803.10040	-0.0000802693
1801.17196	-0.0000617710
1799.24351	-0.0000560801
1797.31506	-0.0000606731
1795.38661	-0.0000521244
1793.45816	-0.0000296548
1791.52971	-0.0000288579
1789.60126	-0.0000582993
1787.67281	-0.0000812291
1785.74436	-0.0000792312
1783.81591	-0.0000661519
1781.88746	-0.0000474228
1779.95901	-0.0000244954
1778.03056	-0.0000066658
1776.10211	0.0000168447
1774.17366	0.0000672051
1772.24521	0.0001228281
1770.31676	0.0001570878
1768.38831	0.0001844081
1766.45986	0.0002334370
1764.53141	0.0003376612
1762.60296	0.0004928571
1760.67451	0.0006659412
1758.74606	0.0008898161
1756.81761	0.0012173465
1754.88916	0.0016700159
1752.96071	0.0022536344
1751.03226	0.0029179966
1749.10382	0.0035960248
1747.17537	0.0042668576
1745.24692	0.0049027768
1743.31847	0.0054611368
1741.39002	0.0059146639
1739.46157	0.0062343134
1737.53312	0.0064476817
1735.60467	0.0066181254
1733.67622	0.0066927588
1731.74777	0.0066084964
1729.81932	0.0064354404
1727.89087	0.0062277759
1725.96242	0.0059805275
1724.03397	0.0056854854
1722.10552	0.0053444020
1720.17707	0.0050049964
1718.24862	0.0046682185
1716.32017	0.0042632688
1714.39172	0.0038068169
1712.46327	0.0033949856
1710.53482	0.0030583725
1708.60637	0.0027829737
1706.67792	0.0025610235
1704.74947	0.0023925204
1702.82102	0.0023026501
1700.89257	0.0022643085
1698.96412	0.0022187436
1697.03568	0.0021949965
1695.10723	0.0021920274
1693.17878	0.0021832590
1691.25033	0.0022338987
1689.32188	0.0023758810
1687.39343	0.0026059416
1685.46498	0.0028920260
1683.53653	0.0030980697
1681.60808	0.0031865290
1679.67963	0.0032829223
1677.75118	0.0034630210
1675.82273	0.0036957152
1673.89428	0.0039499435
1671.96583	0.0042640902
1670.03738	0.0046604439
1668.10893	0.0051235734
1666.18048	0.0057109268
1664.25203	0.0064676581
1662.32358	0.0072644670
1660.39513	0.0078795888
1658.46668	0.0081592901
1656.53823	0.0080973450
1654.60978	0.0077640493
1652.68133	0.0071676690
1650.75288	0.0064040134
1648.82443	0.0057240883
1646.89598	0.0052163289
1644.96754	0.0047733490
1643.03909	0.0043586749
1641.11064	0.0040146085
1639.18219	0.0037512584
1637.25374	0.0035386197
1635.32529	0.0033022363
1633.39684	0.0030017425
1631.46839	0.0027083477
1629.53994	0.0024842261
1627.61149	0.0023025624
1625.68304	0.0021216278
1623.75459	0.0019334655
1621.82614	0.0017509216
1619.89769	0.0016145755
1617.96924	0.0015401880
1616.04079	0.0014495589
1614.11234	0.0012938140
1612.18389	0.0011397857
1610.25544	0.0010449982
1608.32699	0.0009911396
1606.39854	0.0009474218
1604.47009	0.0009133926
1602.54164	0.0008873628
1600.61319	0.0008657014
1598.68474	0.0008607749
1596.75629	0.0008703371
1594.82785	0.0008796860
1592.89940	0.0008871180
1590.97095	0.0008975191
1589.04250	0.0009103465
1587.11405	0.0009202647
1585.18560	0.0009225706
1583.25715	0.0009154740
1581.32870	0.0009117626
1579.40025	0.0009399319
1577.47180	0.0009972133
1575.54335	0.0010101869
1573.61490	0.0009679701
1571.68645	0.0009585568
1569.75800	0.0009854108
1567.82955	0.0009937998
1565.90110	0.0010044321
1563.97265	0.0010807335
1562.04420	0.0012781753
1560.11575	0.0015486258
1558.18730	0.0017336372
1556.25885	0.0018073157
1554.33040	0.0018755560
1552.40195	0.0019623246
1550.47350	0.0020281640
1548.54505	0.0020522459
1546.61660	0.0020441047
1544.68815	0.0020251202
1542.75971	0.0020042695
1540.83126	0.0019530649
1538.90281	0.0017913652
1536.97436	0.0015455754
1535.04591	0.0013524829
1533.11746	0.0012286152
1531.18901	0.0011142369
1529.26056	0.0010251694
1527.33211	0.0009771133
1525.40366	0.0009432773
1523.47521	0.0009247498
1521.54676	0.0009082917
1519.61831	0.0008468507
1517.68986	0.0007473529
1515.76141	0.0006382981
1513.83296	0.0005318890
1511.90451	0.0004496963
1509.97606	0.0004193464
1508.04761	0.0004382284
1506.11916	0.0004221262
1504.19071	0.0003385657
1502.26226	0.0003107101
1500.33381	0.0004361648
1498.40536	0.0007054743
1496.47691	0.0010740317
1494.54846	0.0014740005
1492.62001	0.0018223117
1490.69157	0.0020166927
1488.76312	0.0020075426
1486.83467	0.0019046334
1484.90622	0.0018695856
1482.97777	0.0019438423
1481.04932	0.0020755858
1479.12087	0.0022280228
1477.19242	0.0023997307
1475.26397	0.0026265478
1473.33552	0.0029717758
1471.40707	0.0034294478
1469.47862	0.0038897488
1467.55017	0.0042496999
1465.62172	0.0044819936
1463.69327	0.0045662662
1461.76482	0.0044614393
1459.83637	0.0042180014
1457.90792	0.0039316784
1455.97947	0.0035880865
1454.05102	0.0031714069
1452.12257	0.0027665223
1450.19412	0.0024581752
1448.26567	0.0022817017
1446.33722	0.0022159689
1444.40877	0.0021907925
1442.48032	0.0021474203
1440.55188	0.0020792615
1438.62343	0.0020104530
1436.69498	0.0019160225
1434.76653	0.0017590787
1432.83808	0.0015718089
1430.90963	0.0014024049
1428.98118	0.0012799121
1427.05273	0.0012195036
1425.12428	0.0012058080
1423.19583	0.0012168994
1421.26738	0.0012453392
1419.33893	0.0012551122
1417.41048	0.0012116688
1415.48203	0.0011496055
1413.55358	0.0011144490
1411.62513	0.0011188588
1409.69668	0.0011533434
1407.76823	0.0011829037
1405.83978	0.0011923630
1403.91133	0.0011954925
1401.98288	0.0012102090
1400.05443	0.0012333037
1398.12598	0.0012345975
1396.19753	0.0012233972
1394.26908	0.0012436652
1392.34063	0.0013202054
1390.41218	0.0014947228
1388.48374	0.0018346726
1386.55529	0.0023246757
1384.62684	0.0027717869
1382.69839	0.0029802090
1380.76994	0.0030081454
1378.84149	0.0029951388
1376.91304	0.0029155686
1374.98459	0.0027190521
1373.05614	0.0025054312
1371.12769	0.0024269347
1369.19924	0.0024994607
1367.27079	0.0025626393
1365.34234	0.0024359603
1363.41389	0.0021242760
1361.48544	0.0018003073
1359.55699	0.0015846734
1357.62854	0.0014651063
1355.70009	0.0013947127
1353.77164	0.0013476224
1351.84319	0.0012974702
1349.91474	0.0012282829
1347.98629	0.0011574340
1346.05784	0.0011130378
1344.12939	0.0011082049
1342.20094	0.0011273236
1340.27249	0.0011298838
1338.34404	0.0010878931
1336.41560	0.0010051731
1334.48715	0.0009037960
1332.55870	0.0008142392
1330.63025	0.0007734885
1328.70180	0.0007976626
1326.77335	0.0008705001
1324.84490	0.0009701457
1322.91645	0.0010897575
1320.98800	0.0012285156
1319.05955	0.0013646048
1317.13110	0.0014651369
1315.20265	0.0015309213
1313.27420	0.0015864540
1311.34575	0.0016461760
1309.41730	0.0017126566
1307.48885	0.0017959343
1305.56040	0.0018998201
1303.63195	0.0020089154
1301.70350	0.0021227258
1299.77505	0.0022402322
1297.84660	0.0023305293
1295.91815	0.0023856433
1293.98970	0.0024199809
1292.06125	0.0024437825
1290.13280	0.0024644670
1288.20435	0.0024543507
1286.27591	0.0023879362
1284.34746	0.0022848889
1282.41901	0.0021747970
1280.49056	0.0020735592
1278.56211	0.0019711901
1276.63366	0.0018362161
1274.70521	0.0016424349
1272.77676	0.0013999760
1270.84831	0.0011344346
1268.91986	0.0008557909
1266.99141	0.0005837168
1265.06296	0.0003546522
1263.13451	0.0001635824
1261.20606	-0.0000345300
1259.27761	-0.0002547901
1257.34916	-0.0004783248
1255.42071	-0.0007141999
1253.49226	-0.0009904054
1251.56381	-0.0012951504
1249.63536	-0.0015828038
1247.70691	-0.0018358318
1245.77846	-0.0020614222
1243.85001	-0.0022604484
1241.92156	-0.0024217165
1239.99311	-0.0025432087
1238.06466	-0.0026535681
1236.13621	-0.0027783001
1234.20777	-0.0029105914
1232.27932	-0.0030230808
1230.35087	-0.0031025691
1228.42242	-0.0031616571
1226.49397	-0.0032013855
1224.56552	-0.0032385392
1222.63707	-0.0033161673
1220.70862	-0.0034317141
1218.78017	-0.0035566695
1216.85172	-0.0036832078
1214.92327	-0.0037949735
1212.99482	-0.0038856233
1211.06637	-0.0040068259
1209.13792	-0.0042126896
1207.20947	-0.0044709803
1205.28102	-0.0047155931
1203.35257	-0.0049351463
1201.42412	-0.0051253540
1199.49567	-0.0052809166
1197.56722	-0.0054471088
1195.63877	-0.0056198277
1193.71032	-0.0057298918
1191.78187	-0.0057788775
1189.85342	-0.0058071683
1187.92497	-0.0058180341
1185.99652	-0.0058236825
1184.06807	-0.0058377264
1182.13963	-0.0058255214
1180.21118	-0.0057659661
1178.28273	-0.0056870109
1176.35428	-0.0055948859
1174.42583	-0.0054766596
1172.49738	-0.0053358623
1170.56893	-0.0052140909
1168.64048	-0.0051743090
1166.71203	-0.0051978459
1164.78358	-0.0052088043
1162.85513	-0.0051829410
1160.92668	-0.0051243203
1158.99823	-0.0050184783
1157.06978	-0.0048897774
1155.14133	-0.0048255762
1153.21288	-0.0048424243
1151.28443	-0.0048283515
1149.35598	-0.0047241668
1147.42753	-0.0045865783
1145.49908	-0.0044784173
1143.57063	-0.0044151680
1141.64218	-0.0043415893
1139.71373	-0.0041905660
1137.78528	-0.0039633247
1135.85683	-0.0037294105
1133.92838	-0.0035670679
1131.99993	-0.0034648257
1130.07149	-0.0033108387
1128.14304	-0.0029910496
1126.21459	-0.0024739131
1124.28614	-0.0018635995
1122.35769	-0.0013491937
1120.42924	-0.0010182495
1118.50079	-0.0007543011
1116.57234	-0.0004795070
1114.64389	-0.0002985140
1112.71544	-0.0002361002
1110.78699	-0.0001730013
1108.85854	-0.0000641143
1106.93009	0.0000250850
1105.00164	0.0001018399
1103.07319	0.0002173767
1101.14474	0.0003615242
1099.21629	0.0005477975
1097.28784	0.0008278636
1095.35939	0.0011665873
1093.43094	0.0014499093
1091.50249	0.0017066381
1089.57404	0.0020617903
1087.64559	0.0024575926
1085.71714	0.0027334401
1083.78869	0.0028089371
1081.86024	0.0027397992
1079.93180	0.0026541040
1078.00335	0.0026370592
1076.07490	0.0027130805
1074.14645	0.0028535337
1072.21800	0.0029645585
1070.28955	0.0029811552
1068.36110	0.0028973119
1066.43265	0.0027191676
1064.50420	0.0024955228
1062.57575	0.0022984385
1060.64730	0.0021365448
1058.71885	0.0019804351
1056.79040	0.0018468050
1054.86195	0.0017452352
1052.93350	0.0016337370
1051.00505	0.0015038003
1049.07660	0.0013613487
1047.14815	0.0011657086
1045.21970	0.0009023875
1043.29125	0.0006312145
1041.36280	0.0004223567
1039.43435	0.0002885960
1037.50590	0.0002038956
1035.57745	0.0001511101
1033.64900	0.0001330891
1031.72055	0.0001480812
1029.79210	0.0001683542
1027.86366	0.0001893623
1025.93521	0.0002365125
1024.00676	0.0003143089
1022.07831	0.0004205230
1020.14986	0.0005455990
1018.22141	0.0006491304
1016.29296	0.0007241046
1014.36451	0.0008051763
1012.43606	0.0008793941
1010.50761	0.0008863611
1008.57916	0.0008055286
1006.65071	0.0006811837
1004.72226	0.0005788732
1002.79381	0.0005244097
1000.86536	0.0004736925
998.93691	0.0003798982
997.00846	0.0002597492
995.08001	0.0001307602
993.15156	0.0000091505
991.22311	-0.0000538647
989.29466	-0.0000778882
987.36621	-0.0001252521
985.43776	-0.0001503149
983.50931	-0.0001119972
981.58086	-0.0000574117
979.65241	0.0000094171
977.72396	0.0000954993
975.79552	0.0001102993
973.86707	0.0000455577
971.93862	0.0000534534
970.01017	0.0001081636
968.08172	0.0000575861
966.15327	-0.0000023232
964.22482	0.0000508799
962.29637	0.0001019107
960.36792	0.0000533830
958.43947	-0.0000045628
956.51102	0.0000119960
954.58257	0.0000593302
952.65412	0.0000656068
950.72567	0.0000433408
948.79722	0.0000545964
946.86877	0.0000975431
944.94032	0.0001114092
943.01187	0.0000400998
941.08342	-0.0000646573
939.15497	-0.0000806200
937.22652	-0.0000511991
935.29807	-0.0000653611
933.36962	-0.0000783099
931.44117	-0.0000583526
929.51272	-0.0000355739
927.58427	-0.0000316094
925.65583	-0.0000154958
923.72738	0.0000639276
921.79893	0.0001656397
919.87048	0.0002061492
917.94203	0.0001940425
916.01358	0.0001743913
914.08513	0.0001393644
912.15668	0.0000902328
910.22823	0.0000434028
908.29978	0.0000021864
906.37133	-0.0000438521
904.44288	-0.0001141918
902.51443	-0.0001297657
900.58598	0.0000012558
898.65753	0.0001556430
896.72908	0.0001826360
894.80063	0.0001497907
892.87218	0.0001697551
890.94373	0.0002121256
889.01528	0.0001296215
887.08683	-0.0000608230
885.15838	-0.0000898193
883.22993	0.0000826744
881.30148	0.0002012316
879.37303	0.0002019934
877.44458	0.0001806809
875.51613	0.0001607921
873.58769	0.0000918070
871.65924	-0.0000327469
869.73079	-0.0000626934
867.80234	0.0000778197
865.87389	0.0002191927
863.94544	0.0002410003
862.01699	0.0001903753
860.08854	0.0001064304
858.16009	0.0000398985
856.23164	0.0000918982
854.30319	0.0002509441
852.37474	0.0003895398
850.44629	0.0004016705
848.51784	0.0002971966
